,ID,ResDensity,N_TraitValue,initial_a,initial_h,Fit_a,Fit_q,Fit_h,GFR_RSS,GFR_AIC,GFR_BIC,Poly1,Poly2,Poly3,Poly4,Poly_RSS,Poly_AIC,Poly_BIC
0,6,20.0,8.1e-05,1.82090594178494e-06,0.000277778,3.298606039769736e-06,0.36124628375276036,3625.5590491215335,1.0523717388377469e-07,-619.0491244142926,-614.6519167058934,1.7349053407190284e-05,8.489073979237708e-07,2.5559871969062847e-07,-4.0509767802396025e-09,1.0311010619725005e-07,-476.8904724437166,-432.38413126252453
1,71,10.0,6.49e-05,4.22857142857143e-06,0.000369468,6.072880129970275e-08,1.9999943298459728,2823.72347620213,2.1111268843435663e-08,-110.7913100390817,-111.41603163139753,-0.00037693204245430354,5.3845967774147235e-05,-1.4088368270230376e-06,1.1918904052800358e-08,1.967713107092562e-08,-94.18614682610503,-92.81086841842087
2,79,14.2654,0.000148339,8.50257008888173e-06,0.00042961,4.4090365440595355e-06,0.5388440994919699,2441.3015117939735,6.167155770898534e-09,-206.0661317546973,-205.15837647571516,4.8577113654371876e-05,8.508196047626643e-06,-5.8093816973087786e-08,7.014102788042123e-11,3.975830304707964e-09,-174.07740255550019,-169.95930690454188
3,140,18.0,0.0429,0.0010678004535147401,0.2495,0.003566424326998321,-0.11121855684320803,3.086043332268323,0.0005618007340836515,-49.656736835156195,-50.28145842747203,0.03467937287192657,0.0009646011849822137,-1.3674543444144822e-06,6.145572770170267e-10,0.0003381330995832056,-35.67572014238458,-34.300441734700414
4,351,1084.8274,0.5441672710000001,0.00045921265535264804,6.788078704,-71.46848244219197,1.8975427438349,1.558987696141769,43.15244838149676,21.124551106697666,24.258118419867937,-0.02269347287477484,0.000760419034749681,-1.586427397862381e-07,1.136943291743412e-11,0.4460759583118878,14.70786054412044,35.509264423142056
5,450,1.0,9.1e-06,5.6e-06,5.59e-05,1.1468327236288594e-05,-0.4185176218117126,3552.7627237155093,5.594477455795442e-11,-146.39049329768162,-147.01521488999745,6.623718414942886e-07,8.781334989217376e-06,-7.13916532892843e-07,2.0666526543092e-08,1.0304221438124346e-11,-139.5140991546899,-138.13882074700572
6,687,1.0,1.1599999999999999e-05,9.88193829478234e-07,0.00017361099999999997,6.7576971695360345e-06,0.9068781253747105,9434.378371026774,1.8596522545935268e-08,-1307.6781477494692,-1301.3951140628028,-7.98405380507326e-06,1.745529683152749e-05,-8.884444329431651e-07,1.4032876002339948e-08,1.821764196830623e-08,-1030.6405721558447,-909.2629321091849
7,691,1.0,1.1599999999999999e-05,1.95033099688473e-06,0.00025463,1.11021866038219e-05,0.07407329476990121,4433.908076706506,5.80194993626543e-08,-1239.4098749529264,-1233.12684126626,2.5942170894526084e-06,9.9779596134561e-06,-2.160151874209098e-07,1.5194577330527399e-09,5.789571295659106e-08,-961.2653995873186,-839.8877595406589
8,695,12.0,0.000685889,5.2253500000000004e-05,0.001376056,0.00010084014436810761,-0.25091028310020036,-39.626524561199446,1.3723246330482212e-08,-92.56806271031154,-93.73974897300924,-0.0001680231702449736,0.00013022304422504643,-6.029403901552846e-06,1.1338102425737974e-07,6.334401673530442e-09,-84.2441566070216,-83.02528078215339
9,708,5.0,8.329999999999999e-05,1.2043800000000001e-05,0.00030092599999999997,1.3861366741664347e-05,0.32026561916621077,3248.3851106175075,1.326965801824963e-09,-104.24904382703127,-105.42073008972898,-1.59236428571437e-05,2.1726969132588313e-05,-5.481085236220485e-07,4.075249156355466e-09,8.2494250884808e-11,-105.9492667864281,-104.73039096155989
10,713,10.0,7.77e-05,8.37114640550492e-07,0.00021982099999999998,4.863061231158013e-05,-0.318721723744561,4932.6206839048045,4.5012438231976086e-08,-624.8597397256715,-620.557778112216,4.773507786913953e-05,7.465687803469932e-06,-1.8507957625411087e-07,1.494247625123041e-09,4.503492428077651e-08,-486.8700684250182,-444.7184266994341
11,721,1.0,4.67e-06,1.245e-06,1.39e-05,6.8350691252494975e-06,-0.11663553597355247,71702.83096246893,4.459881656646314e-12,-161.56595012316546,-162.1906717154813,3.3763471317561727e-06,1.6260208152310206e-06,-9.18452412197915e-08,1.5441353534503328e-09,1.4627202644987121e-12,-151.22763373055648,-149.8523553228723
12,814,10.0,6.78e-05,1.7872e-06,0.000518333,7.137687525592096e-07,-0.996145489891421,-1377076.830524162,1.1673048141850425e-07,-157.44560442978985,-156.8539306977812,-1.4853114792936943e-06,2.9692085192477218e-05,-1.521261519002156e-06,2.1494674234786052e-08,8.458700534372621e-08,-128.80349424777262,-125.6201467837553
13,920,18.0,0.2471,0.0101444444444444,0.9143,0.00395613671889991,0.5332495297987245,1.103268305993957,0.009221464362618444,-32.867885392043824,-33.49260698435966,0.21688239393286388,0.006581976163360518,-1.8727249639025098e-05,1.5187184176026415e-08,0.038313927501611,-7.294945256258307,-5.919666848574142
14,39835,10.0,0.001205546,4.26404888888889e-05,0.004329917,0.0003033216027605909,-0.7034454590389614,-802.4271111490251,5.871256951254163e-07,-125.41974760265504,-125.18142297761553,,,,,,,
15,39836,19.9323,0.0005247930000000001,1.71776135897887e-05,0.0029044440000000004,3.013943824537583e-05,-0.018862374919733194,160.7054136820309,9.816781866420244e-10,-224.44342666454665,-223.5356713855645,5.004926408636658e-05,2.5421311235284306e-05,-7.948393808019914e-08,1.190062553893608e-10,1.002835154918111e-09,-187.85142720084397,-183.73333154988566
16,39837,19.9323,0.000255428,1.02265373196684e-05,0.0017788720000000001,1.673904528365187e-05,-0.07075690375780086,111.38013872646886,1.142510687998372e-08,-199.90037638281956,-198.99262110383742,-2.8019559424660662e-05,1.4843684775209564e-05,-5.132140908410213e-08,1.2333021359988755e-10,1.0498890255037587e-08,-164.36704301949635,-160.24894736853804
17,39838,19.9323,0.00012963,5.62803249364607e-06,0.001037037,6.138857032503857e-06,0.004437256766928854,173.99338649855244,4.680501523188859e-10,-231.85030755671957,-230.94255227773743,3.739928393440862e-07,6.2439955813712865e-06,-6.5771772000395915e-09,5.7616894040670765e-12,4.6456004659099024e-10,-195.54638321158882,-191.4282875606305
18,39839,19.9323,0.000123763,3.29526600378573e-06,0.000670835,2.32008147585789e-05,-0.456587989532085,-918.5984684311125,9.698565609758851e-10,-224.56458023642386,-223.65682495744173,3.627147065392852e-05,4.883522678506196e-06,-1.917204914063239e-08,5.323285839000379e-11,7.9775309734189e-10,-190.13929994765266,-186.02120429669435
19,39840,0.25,0.28732800000000003,0.0228993510548523,1.11129,0.27314656243166546,-0.6379726459117412,-0.5292516995352633,1.223840525813215,-115.7349018800158,-110.98434506464747,0.21022160717450475,0.027060661165673912,0.06005594715289806,-0.010215569642113818,1.184289944187795,45.24605471025429,99.50217967930593
20,39841,0.2039,0.1679,0.113970768041051,1.2383,2.4211644089931053,0.2790436089507802,1.0209048729157508,0.8960193665038919,-150.75797806028092,-145.61726186016799,0.11476658630708818,0.8181974991192639,-0.27715232424262454,0.029859074119177053,0.8489778551685754,33.38389575385802,100.4996342886217
21,39842,0.2453,0.1501,0.0274588434784866,1.2609,1.125199202821052,0.2469243908424179,0.996060472285536,1.8659683811280903,-92.68773248029987,-88.10865090645139,0.11927140151381797,0.4085126707953987,-0.03891724106815743,-0.003069907997519911,1.5655067307113268,53.83068750093462,103.14786376403563
22,39843,0.1254,0.2429,0.21997352876542103,1.1975,2.395209874406198,0.28864679862277054,0.9628864063371836,0.5251418855083264,-105.3361565390974,-101.3395430085718,0.11965143637613486,0.8414968504121838,-0.29294396727590166,0.033775990534935095,0.5508336652659023,19.461804561487977,54.76691731586807
23,39844,0.2445,0.17,0.10285284756698199,1.4369,1.62944312317414,0.16268391950614403,0.9452037642782904,1.1566325310323928,-144.8705866711655,-139.6575778163154,0.13644717610063772,0.6149614462916646,-0.1535333674883422,0.012363012545761878,1.1273743461757315,45.24414916642398,115.01326427947534
24,39845,0.2521,0.1897,0.0535402081428035,1.1118,0.6955053361835913,-0.15979452002333194,0.8685691941279614,0.5966678437460519,-82.66676463375819,-79.13260314271436,0.13159678018562762,0.3344868781033423,-0.058030502985234655,0.0036378209029861853,0.611092151957908,22.015577433923312,48.75470787123017
25,39846,0.2405,0.1648,0.0682727542164904,0.8349,0.0017388868065894092,-0.9973304736911599,-571.325727257966,0.5786456224270016,-78.69886288326207,-75.29238023547461,0.19326216077029154,0.025693290871633672,0.03749670705528886,-0.004338404498262082,0.5765621588447639,20.48934670860925,45.19923102719224
26,39847,0.2477,0.1932,0.0524326912607638,0.9222,0.416000319049276,-0.10364860408794518,0.8768024484399725,0.5286453319044405,-120.21416652296547,-115.91220490951002,-0.04290734303756257,0.5393362682937138,-0.19027828892818888,0.023231524900795976,0.4615995500854636,13.555802026968792,55.70744375255289
27,39848,0.2405,0.1147,0.0520832558685048,1.1139,0.6995317484959565,0.29652863645051264,1.1003696813641926,0.7498488842998596,-81.66898513053806,-78.01235765593346,0.06938746263284881,0.2709267334622541,0.03771585766824545,-0.01645195756290502,0.7173632068943894,26.170705990107543,54.985974137207954
28,39849,0.2443,0.0734,0.120611756699858,0.863,1.507277896533282,1.103829863008838,1.5929550723227162,0.47630104639827153,-73.51077985137174,-70.37721253820146,-0.038485783918559724,0.619682344627112,-0.1669873924601278,0.011505898040335506,0.42564926467332825,13.723515724375524,34.52491960339714
29,39850,0.2471,0.3135,0.12536001081822198,0.8359,0.5532235424683927,0.006041049233256324,1.221474035781568,0.24451306557572156,-76.70558474175401,-73.87226780425469,0.2146588927529897,-0.20166513831992763,0.2952933903038573,-0.056833430446992475,0.1406365528621882,-7.294627100897799,9.816396565765245
30,39851,56.3075,2.93e-07,6.35035661161753e-08,1.1400000000000001e-05,9.993597656697762e-11,1.3458359037393688,81479.81670529558,9.464430811021842e-12,-128.96459190846628,-130.13627817116398,-8.197821910095266e-06,1.7580831337807306e-07,-5.658199005976291e-10,5.974169065943403e-13,5.283645142431264e-12,-119.68982867272356,-118.47095284785536
31,39852,53.7633,2.91e-06,6.69299177718153e-08,2.11e-05,4.107749127054635e-08,0.12267299018675892,23526.6311281935,2.3606291119539894e-12,-135.9076543599375,-137.07934062263521,-3.2012660452837282e-06,1.2968537204097968e-07,-3.473938508444511e-10,3.9452230379767534e-13,4.846124469972653e-13,-131.634938738937,-130.4160629140688
32,39853,53.9653,8.529999999999999e-07,1.25179220269076e-07,2.35e-05,9.399327374158951e-12,1.9829985789448754,41673.59216253679,2.397375020865328e-11,-124.31749768946167,-125.48918395215938,-1.4311378645057788e-05,3.228656063428438e-07,-1.0006583350616684e-09,1.0360998947738078e-12,1.8181137382814308e-11,-113.51098656424945,-112.29211073938124
33,39854,55.4934,2e-06,4.120402832486589e-08,2.1e-05,5.3711281810770284e-09,0.46056899247522676,21011.887125758123,1.6236696290104108e-11,-126.265925723681,-127.4376119863787,2.434123656882662e-06,-1.822082292352034e-08,3.582850150074997e-10,-4.977112980392597e-13,1.313508149019704e-11,-115.13647667392512,-113.91760084905691
34,39855,55.1144,3.05e-06,1.30671258253649e-08,9.27e-06,7.167475330325769e-07,-0.8176501197159904,-344628.7187807464,2.9409441261582287e-12,-134.8086418360868,-135.9803280987845,6.935940500004973e-07,4.686176117440293e-08,-1.474744314543925e-10,1.8670155677624746e-13,2.509177751026911e-12,-123.41313425855495,-122.19425843368674
35,39856,54.8072,3.92e-06,4.5140430553379804e-08,2.97e-05,3.189309298416651e-07,-0.2029064294793801,15225.608093509854,1.099180831507283e-10,-116.7036181931287,-117.87530445582641,-1.7849635640671844e-05,5.112617660388626e-07,-2.167761369428469e-09,2.7997208535387055e-12,2.742116855027083e-12,-122.96925882504115,-121.75038300017295
36,39857,53.9653,4.52e-06,1.54964155946185e-07,4.66e-05,7.534785557093312e-08,0.12408135855216074,8696.826644437106,2.698362716062027e-11,-123.72614373876277,-124.89783000146048,-1.1286132165358835e-05,3.41787694649577e-07,-1.052968214691247e-09,1.276681262829298e-12,3.878531309137297e-12,-121.23562704275503,-120.01675121788682
37,39858,53.733000000000004,5.29e-06,5.38042300329995e-08,4.54e-05,1.395594363780858e-08,0.3833090344628971,6429.059794307415,1.8294872608995426e-10,-114.15626550040629,-115.327951763104,1.3013533072311308e-05,-1.8440319420078278e-07,1.340272830995004e-09,-1.7168375402832988e-12,1.4198108034426235e-10,-103.2344407512056,-102.01556492633739
38,39859,55.2132,9.25e-07,3.6437455912677506e-09,3.45e-06,1.1724216536276516e-08,-0.9962047703715222,-83042174.98266275,4.431597773619429e-13,-144.27141965539985,-145.44310591809756,1.9424094212622826e-07,1.7737743399793335e-08,-6.292168113549453e-11,8.776649526648223e-14,3.602803237367945e-13,-133.11727417725157,-131.89839835238337
39,39860,55.4306,5.28e-06,3.87493495282622e-08,2.0600000000000003e-05,3.919266385457731e-08,0.21615414457959625,37215.672739860674,1.802196312815497e-11,-125.74433920243573,-126.91602546513343,7.0727841189222635e-06,-6.065721139550074e-08,6.011035250126796e-10,-9.202036479427842e-13,9.611384928316658e-13,-128.21109364550057,-126.99221782063236
40,39861,54.9032,5.14e-06,7.54452617681136e-08,1.88e-05,8.726021586863802e-11,1.8352986915992453,65259.383769219334,2.0642709915744824e-11,-125.06548401000077,-126.23717027269848,-5.106457677816334e-06,2.145540526148846e-07,-6.779162876056925e-10,6.55210023691443e-13,1.1375166712108375e-11,-115.8557467060708,-114.6368708812026
41,39862,55.6261,1.97e-06,7.26026748035442e-08,1.99e-05,4.503656679771716e-08,0.06389210451837402,20773.454750009365,1.2887532733982114e-11,-127.4209931952179,-128.5926794579156,-7.294327187549116e-06,2.0017355396334862e-07,-7.132062229652916e-10,8.888910394891975e-13,2.3216931524575558e-12,-123.80142617680505,-122.58255035193685
42,39863,10.0,0.00012963,1.9444428571428602e-05,0.0015,1.8297543552809066e-07,1.3834461683823411,597.5928844254116,9.329097335460998e-09,-94.49782743906266,-95.66951370176037,-3.7967737151855735e-05,1.11143970087781e-05,2.1259489833642476e-07,-1.6548290871227557e-09,8.52137253318587e-09,-82.76124629830035,-81.54237047343214
43,39864,10.0,0.00037037,4.25926e-05,0.0015,8.208037732883057e-06,0.7638660125929828,632.5862779978347,9.615743742707668e-10,-105.8594355699483,-107.03112183264601,-0.00010297214583689726,5.502949399691155e-05,-6.291601679486539e-07,2.3497769978566993e-09,1.6851203276659855e-09,-90.86494855319377,-89.64607272832556
44,39865,10.0,0.000148148,7.010592857142861e-06,0.000722222,4.180262432075469e-05,-0.5366487801547346,-1208.6760464327456,1.9752128875889866e-09,-102.26013782826092,-103.43182409095863,3.863697490593282e-05,1.0391352467624803e-05,-9.270957108922483e-08,4.4600351800903094e-10,1.3053709940505044e-09,-92.14169697984778,-90.92282115497957
45,39866,10.0,0.00033333300000000006,1.71957857142857e-05,0.001685185,7.066659948326223e-05,-0.4302170136379426,-327.49048845193414,2.74587649012783e-08,-89.10009164077859,-90.27177790347629,5.925203659383084e-05,2.2974933127950726e-05,-1.8352520394181847e-07,8.724812117387778e-10,2.397709730939083e-08,-77.58863793506235,-76.36976211019415
46,39867,10.0,0.000111111,1.85185e-05,0.000777778,3.6570636418730943e-06,0.5928590267396672,1171.3363415589463,6.20278859183086e-10,-108.05144939282535,-109.22313565552305,-0.00010990097807731318,2.5041947340388244e-05,-2.728394576302239e-07,1.0484616032053044e-09,6.314297615109329e-11,-107.28590172093438,-106.06702589606617
47,39868,10.0,0.00030092599999999997,3.75e-05,0.001800926,9.83163541804577e-06,0.5757783129246969,578.2065121257039,7.640007907515055e-08,-103.07424944992482,-103.69897104224066,9.803324319937145e-05,2.948651977125155e-05,-1.6005468835204597e-07,2.0152074024650213e-10,7.178500879738985e-08,-86.42083545980127,-85.0455570521171
48,39869,10.0,0.000717593,5.00991785714286e-05,0.004375,3.7742703275329e-05,0.3099575863482409,209.6000498736417,6.717117024235162e-07,-90.03117643172988,-90.65589802404571,-0.0004627807373254291,0.00011418583772668509,-1.117303515565755e-06,3.686984663195056e-09,3.913007201660531e-07,-76.24603122063384,-74.87075281294968
49,39870,10.0,0.0006172840000000001,3.61993e-05,0.004796295999999999,0.0001396016333392271,-0.2860124234321917,15.828042419736208,6.612127777959691e-08,-103.94120824948862,-104.56592984180446,0.00035057234579470646,4.127107608921358e-05,-1.040476935057383e-07,1.2694653485695605e-10,7.486052531264441e-08,-86.1691291202758,-84.79385071259163
50,39871,10.0,0.000796296,7.962965e-05,0.006240741,0.0001012952224754942,-0.01783746712987133,107.61945638356362,1.5085606571353662e-06,-85.176684228909,-85.80140582122483,-0.0009262491634607073,0.00016182378081285866,-1.7322315949855078e-06,6.242006645035442e-09,3.220523558923243e-07,-77.41460466899461,-76.03932626131045
51,39873,10.0,0.000166667,6.74602857142857e-06,0.000796296,2.834268266342128e-05,-0.12475022159418803,899.9782669859378,1.8058711778842385e-08,-111.72838254482946,-112.3531041371453,0.00016768956456156894,4.389507368698674e-06,3.7404032385093496e-08,-2.7223562593023546e-10,9.801130572873695e-09,-98.36790297698177,-96.9926245692976
52,39874,10.0,0.00046296300000000005,2.85714142857143e-05,0.002,2.631314858267709e-05,0.24863993689971586,444.6149773402807,6.51495788736672e-08,-104.03003679944612,-104.65475839176196,0.00016170788884785732,3.07244748717994e-05,-1.634013236507172e-07,2.430968433607269e-10,5.785675174053442e-08,-87.71506849066134,-86.33979008297717
53,39875,10.0,0.0009259260000000001,1.39750197674419e-05,0.0034259259999999997,0.00019437150246993107,-0.07907140721873485,279.4881149132971,6.1019849549713e-07,-90.60744599690817,-91.232167589224,0.00038042302612912215,8.170171951452964e-05,-9.70480459136626e-07,3.632962196926804e-09,3.1608008115122623e-07,-77.52691582151603,-76.15163741383186
54,39876,10.0,0.000777778,6.0582e-05,0.005333333000000001,1.792126572549834e-05,0.6304135167869038,176.08366102814952,1.0899937096589329e-06,-87.12658861153821,-87.75131020385405,-0.0005045190003529351,0.00012967216961913832,-1.0177476820803116e-06,2.6668445384277197e-09,8.422016743304713e-07,-71.64677241597293,-70.27149400828877
55,39877,10.0,0.000796296,7.42063571428572e-05,0.005851851999999999,1.7803396785824268e-05,0.6282736962989972,155.00999991667908,4.2967140441245096e-07,-92.71202739241805,-93.33674898473389,-0.0005051710328500586,0.0001315745460205342,-9.540101922190641e-07,2.3608788782798024e-09,3.0320829140667303e-07,-77.77636944025637,-76.40109103257221
56,39878,10.0,7.41e-05,6.74527857142857e-06,0.000592593,9.060030685204292e-06,0.11514030071693115,1272.342136767138,5.898220612589659e-09,-118.44224755102218,-119.06696914333801,3.3978018988773816e-05,8.133816934580848e-06,-3.343588769381647e-08,2.6565323349616377e-11,5.647824463776987e-09,-101.67526691650049,-100.29998850881633
57,39879,10.0,0.000296296,1.81216857142857e-05,0.001277778,3.0032187728337927e-05,0.16192658360449474,695.7276836481996,1.3385033513373292e-08,-113.5253287524271,-114.15005034474294,0.00014315639161882463,2.3912651236394507e-05,-1.8436202161445132e-07,4.947027097734905e-10,2.4938076717773823e-08,-92.76451451313109,-91.38923610544693
58,39880,10.0,0.000759259,2.7777800000000004e-05,0.0028888890000000004,7.450778121836865e-05,0.07401796792288096,286.9020902928943,2.0859525989782354e-07,-97.04777692362279,-97.67249851593863,0.00027253738217489063,5.2760277249990574e-05,-4.0551466302803103e-07,1.1229785686244681e-09,2.41644083336862e-07,-79.13809395723825,-77.76281554955409
59,39881,10.0,0.0009259260000000001,3.875660714285711e-05,0.003907407,0.00024294643307435547,-0.2847304157116466,148.38617108742184,7.103518746924683e-08,-103.51109972245771,-104.13582131477355,0.0005466131344307994,5.791644273249586e-05,-4.2616820973797277e-07,1.2257417679409704e-09,1.0175816124279914e-07,-84.32729525930718,-82.95201685162301
60,39882,10.0,0.0005,5.78042214285714e-05,0.004574074,5.7712993023512796e-05,0.17226238020594442,173.43622629042082,1.7660262622874006e-07,-98.04673888234657,-98.67146047466241,-6.00375139745411e-05,8.45747662212138e-05,-6.003415690309468e-07,1.5860815582347067e-09,2.062672278593535e-07,-80.08785413414182,-78.71257572645766
61,39883,2.0,4.41e-06,5.8085725e-05,0.000751939,3.3387208847539886e-05,0.6485438714553098,1226.7455259152464,7.792889097784876e-08,-1007.9746042812236,-1002.2385352649392,-5.469033749999735e-06,5.5152311458333235e-05,1.004773437500018e-06,-1.1366536458333404e-07,5.415413630481986e-08,-796.2788709690778,-704.413789713955
62,39884,1.0,3.5e-05,1.255e-05,8.99e-05,5.218608563801752e-05,0.3583138490603268,10961.452689273081,1.0551743116358353e-10,-116.90791432397594,-118.07960058667365,1.7780844949531833e-05,1.841840130609152e-05,-1.480574507199866e-06,3.615895758760351e-08,6.817354569828031e-13,-129.9284777566451,-128.7096019317769
63,39885,1.0,3.8900000000000004e-05,4.91923076923077e-06,0.000129185,6.503384535765233e-05,1.3638153043903531,9634.971210722642,1.8515714716746993e-09,-125.3939435010555,-126.01866509337134,-1.8935872269872574e-05,6.704624820318127e-05,-1.0804986623815997e-05,5.08932209663959e-07,1.1838243184479874e-09,-111.05038856401116,-109.675110156327
64,39886,1.0,3.41e-05,1.475e-05,8.51e-05,5.605403677304351e-05,0.6650271627072049,12082.161222739802,9.040534065903547e-11,-117.68077842311442,-118.85246468581212,1.4376412723844044e-05,2.200401165307474e-05,-2.1250314712628812e-06,5.933315752548803e-08,1.30744314025981e-12,-126.6725426665748,-125.45366684170659
65,39887,2.0,2.5e-05,5.225e-06,0.00015231,1.6930905126171315e-05,-0.355701076714362,-769.219407478689,2.867470177570971e-10,-111.90929336278435,-113.08097962548206,1.1737264197530836e-05,7.948592592592629e-06,-1.4189351851852259e-07,1.8155864197531866e-09,3.032558172000005e-10,-99.44002615730349,-98.22115033243529
66,39890,3.0,0.000177035,-2.26375000000003e-07,0.000625213,1.157257827061709e-06,-0.9967927592906547,-851075.0136945359,2.4820073932042117e-08,-109.82023528604347,-110.4449568783593,0.00019257698053075386,-7.929347236000888e-06,4.102511711860669e-07,-2.8612932956104213e-09,1.768712838820636e-08,-94.82586644661858,-93.45058803893441
67,39891,3.0,0.00028942599999999996,5.79470512820512e-06,0.000933683,0.00013657199217856578,0.039296294564596046,1107.5807614245357,4.043518592434635e-08,-106.89194976919785,-107.51667136151369,0.00010720218167162714,6.079766610174171e-05,-1.759114927799826e-06,1.5812360682441715e-08,1.6154291229872983e-08,-95.36977508737967,-93.9944966796955
68,39892,22.5,0.000146056,1.07801435643564e-05,0.002227045,3.4831255333118292e-09,1.963501412059601,451.50812814067604,3.480518010431291e-07,-332.4917163830315,-329.65839944553215,-3.551197821164535e-05,9.237367295713848e-06,3.7958267425215096e-08,-1.2607966729690884e-10,2.0458006141017775e-07,-262.66849869745914,-245.5574750307961
69,39893,15.0,1.4000000000000001e-05,1.17116929292929e-05,0.000819288,1.287772029446577e-08,1.9999999999997113,1359.4194067967035,8.306037144465693e-08,-339.4932579236264,-336.8221426499379,-0.00029315343713987426,2.517280149048817e-05,-2.1441665986116642e-07,6.158828520660002e-10,8.456190643680425e-08,-264.0889795515296,-248.7334031830871
70,39894,2.0,0.000176347,9.854166666666659e-05,0.001196056,0.00011395380978590653,0.17400419247427568,796.4105826987901,2.0554347915779175e-08,-131.52272443020053,-131.6849939830346,6.186117391703185e-05,9.038090515680872e-05,-2.8802177803356822e-06,3.0689289355348996e-08,2.5432752897958875e-08,-108.16682764446884,-106.38318704824759
71,39895,1.0,0.000146806,0.000133922243478261,0.002461403,0.00016653597639060724,-0.030223864212058027,145.07008783368397,7.131531656709575e-08,-142.28477004530694,-142.04644542026745,-0.00011958725192551495,0.0002261048440148166,-1.0569509723308643e-05,2.3324923233942735e-07,4.3305082896663105e-08,-119.57248236947345,-117.17527466107427
72,39896,1.0,0.00016497200000000002,2.2677826923076898e-05,0.0011286669999999999,5.3126634495107034e-05,-0.8862106650844306,-12229.218386128663,5.630775893513941e-08,-144.1750003108227,-143.9366756857832,0.00018482574001334415,3.222400802330591e-06,2.296422586374506e-06,-3.360189029094739e-08,5.1429338888186564e-08,-118.19697205686043,-115.79976434846125
73,39897,1.0,0.000134694,2.89105304347826e-05,0.0006466940000000001,0.00010215943358327152,0.19195039810060788,1575.088802367112,5.2868170436667046e-08,-144.6792473113647,-144.4409226863252,2.8788267721093432e-05,7.738536500610027e-05,-3.925352180997781e-06,6.504172658333605e-08,4.591380057958098e-08,-119.104516592957,-116.70730888455782
74,39898,1.0,0.000139278,0.00013476113913043502,0.002168125,0.0001246286583524934,0.25816583166847984,311.6929661441102,3.4066784154070177e-09,-166.61575707020106,-166.37743244516156,-3.946168648829925e-05,0.00017142739222876768,-3.861231432322401e-06,2.2720609485043726e-08,2.991638358911848e-09,-140.95207303006083,-138.55486532166165
75,39899,1.0,0.000136222,0.00011928170434782601,0.001683681,7.943917101049808e-05,0.59126551205045,494.78615673196725,2.8815071719756784e-08,-149.53447043814177,-149.29614581310227,-3.63069055927533e-05,0.00015544904819039693,-3.0670640065249575e-06,-1.8511306441766746e-08,1.7395293590632645e-08,-126.86904500704478,-124.4718372986456
76,39900,1.0,9.790000000000001e-05,9.531221428571429e-05,0.001084278,9.84486129220596e-05,0.36140672986873534,787.0149010099389,1.0950270640529048e-08,-157.27474565311297,-157.03642102807348,-3.340252380816818e-05,0.000137753798136055,-6.265449696167046e-06,1.0221186181055146e-07,9.341063215324103e-09,-131.84328185470142,-129.44607414630224
77,39901,1.0,0.000138889,0.000151100357142857,0.001817944,2.419791945756201e-05,1.5347079643604542,591.412616147946,1.5154112398262523e-07,-136.25480276065278,-136.01647813561328,-0.00012223797434814248,0.00018565480611083568,-2.71937536220192e-06,-9.971079409116576e-08,3.426183036485737e-08,-121.44638716029658,-119.0491794518974
78,39902,1.0,2.42e-05,4.01885813953488e-05,0.0006230280000000001,2.6423620458979006e-05,1.9999999994201807,2086.9202139748595,1.1187270027944037e-07,-138.68276606723148,-138.444441442192,-7.725597180469696e-06,8.188138474684167e-05,-4.248241508259395e-06,6.994412288131503e-08,1.5207765964509378e-07,-109.52351202501944,-107.12630431662026
79,39903,1.0,2.27e-05,6.34610169491526e-06,0.000564306,4.433256337792821e-05,1.9985988746654195,5425.770315821983,2.0973914722061034e-07,-133.65474220893157,-133.41641758389207,3.8055305836794814e-05,5.7661101985323516e-05,-4.3129811968970045e-06,9.012027018052911e-08,2.1664371359668122e-07,-106.69260944682529,-104.29540173842611
80,39904,1.0,0.00010326399999999999,0.000117382086956522,0.0019811810000000003,5.677418978207992e-05,0.5556398443133532,385.8771487446767,1.7802443271263273e-08,-153.3869733465385,-153.148648721499,-0.00010391592343082268,0.00015029889293144197,-2.8793832121974938e-06,8.836609904758935e-09,2.6847518169577692e-08,-123.39725542957663,-121.00004772117745
81,39905,1.0,0.00010326399999999999,8.51059391304348e-05,0.001700819,0.0001365035117733601,-0.23640375688172965,-66.44882994926792,5.631038138196302e-08,-144.17462773186637,-143.93630310682687,3.051946801688128e-05,0.00010063332770473929,-2.386964895716729e-06,4.737087210933364e-08,5.907348344198049e-08,-117.0883852897048,-114.69117758130562
82,39906,1.0,0.00010326399999999999,0.00010223,0.000739375,9.116421136640784e-05,0.24956619482989506,1144.2309300053726,1.7365197703955312e-08,-153.58591445837982,-153.34758983334032,1.2971280262925943e-06,9.460114745235027e-05,-4.619699271474242e-06,8.253040219956687e-08,2.0073970040434883e-08,-125.7232508742606,-123.32604316586142
83,39907,4.438,0.002554131,0.00025482436873136804,0.031212681000000003,0.0022776257945655424,-0.7959535693294368,-143.1406459336837,0.00019754345158004154,-249.6530777499471,-246.37995038987216,0.001708148652047231,0.0007155693006762169,-1.3402390822261748e-05,1.069518101476286e-07,0.00017557725213121259,-157.81312994706417,-135.08332333325615
84,39908,3.0,3.26e-05,9.67692307692308e-06,0.000175479,9.136005797542036e-06,0.38601470740463606,5722.3216793670435,5.923565127177966e-10,-180.61083189244653,-180.37250726740703,2.5537271272928264e-05,7.000968719423042e-06,-1.1068023994634365e-07,5.232927911692141e-10,1.5612297112487194e-09,-146.15485220032534,-143.75764449192616
85,39909,3.0,3.69e-05,8.58102023121387e-06,0.00051287,1.228400906228254e-05,-0.004073682280043123,1285.2703723709544,2.7763475149539372e-09,-168.25256926651682,-168.01424464147732,-8.75121374784956e-06,1.3032955011148269e-05,-1.6061708624606957e-07,7.349279597955156e-10,1.776397930641297e-09,-145.1219410615908,-142.72473335319162
86,39910,82363.7907,0.014876593,0.000189708242729384,21156.50255,0.17500522001194252,0.0,21156.300041422135,1941691295.1025748,713.9178311083474,718.9844694706892,-187.064067629227,0.0010364064414004096,-2.930656695751077e-11,3.0514910440833824e-19,358720626.273079,827.8820822398751,892.3706220420908
87,39911,878800.0,0.024998724,0.000371059130381498,14566.14447,0.8978129549441416,0.0,14565.52734818918,1231721076.2366867,728.1483636773146,733.3613725321648,-1061.4617722647115,0.0009375244017213452,-2.766052880600399e-11,2.3135110687572677e-19,216569423.98114428,846.3324250211685,916.1015401342199
88,39912,2.3115,0.0009883889999999999,0.000547050677073857,0.020939889,0.00023946615030117754,0.46913110490304755,36.54853891182666,1.6909205970422162e-06,-116.95743189635273,-116.71910727131322,-0.00023873414697128897,0.0005527292716489145,1.2042667921264147e-06,-7.532763132305209e-08,1.9485082983033992e-08,-125.96144891695263,-123.56424120855345
89,39914,1024.1355,0.808333333,9.85636523382624e-07,9.010833332999999,-765341.9291052679,1.750530284203967,0.17981119775944251,47.84429876968716,22.170623590362883,23.364309408757997,4.057741017036795,1.2144797526313093e-05,-9.978539756778295e-12,1.2026463823562255e-18,23.857029542185103,55.73266777955605,60.91582996194302
90,39915,10.751,0.007479744,5.5923427040924405e-05,0.060784992,0.00035753733162038437,0.6445250228547659,20.59941029680283,0.0005994668479888736,-112.85251841098219,-111.39779846161818,0.019222770034550498,0.00016997079595543904,-2.8711016116819203e-07,1.4201588875745226e-10,0.0007743787488246124,-63.725748574488975,-57.361588726396974
91,39916,296.9487,0.083555228,0.000344919910818343,0.291344552,3.491269857198718e-07,1.2382752400174355,3.4652537613969217,0.00010026968799497776,-72.07490089796156,-72.23717045079562,0.020209199895034342,0.00028666714499095435,-7.266144202202896e-08,5.319066981552133e-12,0.0007846706295466014,-35.80795713750152,-34.024316541280264
92,39917,4.0,0.00040181900000000004,0.0001249515,0.002398597,9.213214686016115e-05,0.22936878824660756,264.4118951417229,4.801972133717206e-09,-97.81838527327965,-98.99007153597735,-0.00026184336326893684,0.00019376291760640215,-6.318851421141657e-06,8.943740275748636e-08,2.762031793546538e-09,-88.39430058495373,-87.17542476008552
93,39918,6.087999999999999,0.014896666999999999,0.000192252772375954,0.05747000000000001,0.007434825930967671,-0.762177217781292,-14.873225226935258,2.9557607620941804e-05,-107.63754577933327,-107.04587204732461,0.015410957343096013,0.00017607885202102738,-1.45066616625148e-07,-8.628671891203338e-11,1.8991568997286345e-05,-80.07776632671025,-76.89441886269293
94,39919,4.0,0.001093139,0.00024425868750000004,0.012036443999999999,0.0002675496147052008,-0.005088303756437762,6.736536448876711,1.4614554613089413e-08,-92.2534291296244,-93.4251153923221,0.00016468295868449651,0.00023211397992643437,9.80046411444368e-07,-1.7455425819623728e-08,6.7487281290267495e-09,-83.92736310585191,-82.7084872809837
95,39920,4.0,0.001149083,0.0002616180625,0.012295611000000001,0.00034866652798606304,-0.11973231633541559,-10.14457635373921,7.281237582384566e-08,-84.22408905522764,-85.39577531792534,-0.00011427825477718637,0.0003203576422413692,-3.650968080488907e-06,4.4111602382213946e-08,4.480101364129215e-08,-74.46297958942245,-73.24410376455424
96,39921,4.0,0.000957333,0.00026136462500000004,0.006297667,4.161244877249457e-05,1.0443026392321926,145.50030419682187,3.5605532944823107e-07,-76.28808805403241,-77.45977431673012,-0.0006085877514110739,0.00039867875322176065,-6.366134770662282e-06,2.3017634216486336e-08,1.630819898322e-07,-68.00286801761771,-66.78399219274951
97,39922,4.0,0.000983333,0.0001181528125,0.004470861,0.00026711405248909563,0.10696008798355017,171.12796972673837,2.738411979630715e-07,-77.60077690242797,-78.77246316512567,0.0003324210293180624,0.00019659906209147264,-2.7503709989587104e-06,9.582852098220895e-09,2.698562209505733e-07,-65.48468690403567,-64.26581107916746
98,39923,4.0,0.000952194,0.00014387850000000002,0.002659028,0.00014148276189804965,0.6794413218074311,364.2029671796887,5.907100995274447e-10,-108.29566828318866,-109.46735454588637,0.00012563938845180757,0.00023948388283887289,-7.508817453124085e-06,7.466861008457205e-08,8.16474841703558e-09,-82.9750038469448,-81.7561280220766
99,39924,0.33,3.7000000000000006e-06,7.3211046990931595e-06,1.4599999999999999e-05,2.2517931718037078e-05,0.4557543203355454,67440.4185164248,3.517525786649306e-13,-176.80564702327092,-177.43036861558676,1.2723841421713306e-06,8.561434180611672e-06,-1.5933594134550228e-06,2.8549235565388386e-08,3.576357256939021e-13,-159.67886313212637,-158.3035847244422
100,39925,217.5062,0.13724441699999998,0.000275641511566241,1.171687663,0.001046432976840183,-0.011079955356788851,0.4953790605214734,0.3640160217373984,-159.38674806029118,-154.63619124492286,0.17017805126709243,0.0003448400418907704,2.0601145574504246e-07,-7.221153997853899e-11,0.3132821141246597,-2.626549560762328,51.6295754082893
101,39926,1.0,3.3600000000000004e-05,9.5e-06,0.000105324,3.52211458504396e-05,-0.43308271918135377,2501.937307180289,1.5778563893161563e-11,-126.40903362562162,-127.58071988831932,2.4209453858267722e-05,9.807271796025505e-06,1.2048033745781796e-07,-3.11956430446195e-08,2.222903461867237e-12,-124.01883877437265,-122.79996294950445
102,39927,1.0,3.47e-06,1.16e-06,4.6299999999999994e-05,1.205436269115098e-06,1.7538162291127484,21091.621386836236,2.1937798743850495e-11,-124.76123954637995,-125.93292580907766,-6.912066141732208e-06,8.20858893888257e-06,-2.4535376827881e-08,-2.4205643044620277e-08,4.287214506186729e-11,-109.2217982308128,-108.00292240594459
103,39928,1.0,5.3200000000000006e-05,5.95714285714285e-06,0.000105324,6.950262442633806e-07,-0.9975965252604209,-1420661.7505879805,3.3344787106139534e-11,-122.66778788439984,-123.83947414709755,4.199477669291338e-05,1.490206444694415e-05,-2.000669268841399e-06,9.991721784776914e-08,2.8006417162654313e-11,-111.35074146828158,-110.13186564341338
104,39929,1.0,2.3100000000000002e-05,2.90714285714285e-06,7.290000000000001e-05,1.6540173301435554e-05,-0.6767080292470089,-13520.38436413979,1.0127669263394626e-10,-117.11301363083987,-118.28469989353758,3.0213464566929085e-05,-8.064193850768589e-06,3.0557986501687137e-06,-1.7391076115485484e-07,3.237708098987656e-11,-110.62565583159869,-109.40678000673049
105,39931,2.0,3.1e-05,6.107692307692311e-06,0.000163209,2.0154554834047444e-05,-0.2814805551719568,2525.421994769717,3.674300435500285e-10,-135.0974858538662,-135.72220744618204,5.288151661029613e-06,1.2395625818669748e-05,-4.81048888339816e-07,7.162938497042269e-09,2.143170147569756e-10,-121.30468333508041,-119.92940492739625
106,39932,0.0278,0.30017641100000003,0.16514191453650798,0.7364667340000001,0.8044313831896482,-0.7654492731175471,0.3946874852704654,0.19589433632464964,-163.1806850899902,-158.69116240559075,0.2728326810681699,1.34310652457068,-2.0905493372746218,1.0816611196046322,0.1765577523264972,-18.96034550376345,27.93488134023096
107,39933,0.366,0.000756308,0.00045933434507519405,0.001387384,0.011622590786685075,1.0670866284877358,844.3355693759744,2.334228629947009e-07,-301.7616676644253,-299.26202763225666,0.00045107500397950585,0.0008859537222439145,-0.0003483554142369062,4.249172468832137e-05,2.1301356014514534e-07,-233.07318690036857,-219.40820008358153
108,39934,0.7096,58.14722222,47.0076725522565,1264.222222,112.84096947791217,9.472578277325283e-10,0.0007944854507365851,258357.78813163372,178.29112057847226,180.96223585216075,30.668291239733342,68.65516506254959,-1.473767345438755,0.009910166666795553,194014.10466670268,248.2174460709002,263.57302243934265
109,39935,1.0,1.15e-05,9.00508474576271e-06,0.000126721,6.345494300257273e-06,0.5484842639855123,7258.182107179405,1.5164330125153559e-10,-165.88780142975915,-166.0500709825932,-8.27662321365166e-06,1.4733935868293473e-05,-6.395439677111635e-07,9.929582106569582e-09,1.434183871471022e-10,-144.41301639091986,-142.6293757946986
110,39936,6.0,5.65e-05,8.34898648648649e-06,0.000357212,4.97769051396297e-08,1.9999123702117934,3183.3928888377627,1.2285542801400772e-08,-114.03961270259524,-114.66433429491107,-9.42146811664422e-05,1.991031881881939e-05,-3.0446458450057823e-07,1.3789386461930631e-09,7.2029391909306186e-09,-100.2159544564802,-98.84067604879604
111,39937,1.0,9.84e-07,6.76e-07,3.7000000000000006e-06,1.2359623905961236e-06,0.1727604208891922,236674.05755795733,7.742805108872716e-15,-164.50725134116686,-165.67893760386457,2.651428571428497e-07,8.082161120988935e-07,-6.9654199475066e-08,2.0349643794525858e-09,2.7256191685717433e-15,-157.53820810402902,-156.31933227916082
112,39938,1.0,6.420000000000001e-07,4.979999999999999e-07,2.81e-06,8.029917035230407e-07,0.08094510971172131,294203.0402421339,2.153171202870914e-16,-182.4192883341574,-183.5909745968551,1.0280952380951874e-07,6.069769917873189e-07,-5.458103674540707e-08,1.7013029621297432e-09,1.281517399034794e-15,-161.31146198560165,-160.09258616073345
113,39939,173.6689,0.000316173,4.43688285373796e-07,0.00841636,4.038797252117356e-05,-0.49170085371875283,-140.1098305647316,3.477684127962698e-05,-433.4334328315033,-429.03622512310415,0.000472373962544379,1.2420769404987132e-06,-9.555656360655672e-11,8.515557819136803e-15,3.476688404091849e-05,-290.6305301971255,-246.12418901593344
114,39940,44.0,2.1899999999999997e-05,2.19886729643125e-07,0.000495351,1.1666342108310604e-06,-0.08971586982013147,2041.076455532401,8.493183471144661e-08,-1647.0754785144607,-1639.929398610439,3.114180865694584e-05,3.6964940502382433e-07,-1.3790271994423635e-10,1.7372661913706474e-14,1.0041795026456098e-07,-1258.6459541150616,-1073.2299032451729
115,39941,1.3927,0.003467611,0.000218436684100826,0.022179638999999998,0.0018604868524937565,-0.8955766323502892,-308.2813146420077,2.4215829350089016e-05,-109.43155749536359,-108.83988376335493,0.0032292405853770367,0.0008803076022584103,-2.992852782015132e-05,3.667953058763635e-07,2.2155889960229518e-05,-78.6907922579046,-75.50744479388729
116,39942,1.063,0.002709583,0.000809861962665625,0.082143417,0.007139167337860098,-0.16873442562431418,13.491310021113101,0.0037496009431649013,-184.89726288988638,-181.62413552981144,0.012136653537305052,0.0011486303129344332,2.1428326097717534e-06,-1.1489393389286986e-07,0.0034006473404717664,-92.61300687985607,-69.88320026604806
117,39943,1.3347,0.012829472,0.0035087023366790603,0.287097861,0.022821414434549814,-0.4549966035036672,0.6274467236698287,0.0028351498392942074,-94.20680567544657,-92.75208572608257,0.027490605674257068,0.00439314975790508,-3.2548552158964344e-05,9.920229555396128e-08,0.0030667161823365163,-47.21013024828213,-40.845970400190126
118,39944,1.3913,0.043216194000000006,0.0239913599684071,0.615600389,0.02633069740952042,0.29537695524912744,1.8336195336697954,0.05930137212446787,-138.0762399576373,-134.54207846659347,0.01226618418559146,0.029122550981007574,-0.0005770955227924998,3.593549844905081e-06,0.042774148389812194,-41.80795517769813,-15.068824740391278
119,39945,5.0,1.11e-05,4e-06,7.670000000000001e-05,6.530405900383259e-08,1.999918771284971,12805.916527770058,2.1855059331231076e-10,-113.26720746145044,-114.43889372414814,-3.670711811023609e-05,1.0238864416947843e-05,-2.9555160854892963e-07,2.565490813648274e-09,1.1762775703037312e-10,-104.1752846258472,-102.95640880097899
120,39946,5.0,3.81e-05,9.62e-06,0.00025115900000000004,2.08696653675557e-06,0.7765284265348145,3553.1868301031336,5.800850065167219e-10,-108.3864218630081,-109.5581081257058,2.4265140157480102e-06,7.380701219347587e-06,6.55397318335206e-08,-1.990605354330708e-09,5.958004944026958e-11,-107.57630592427664,-106.35743009940843
121,39947,1800.0,5.9e-05,1.5691945158526102e-08,5.9e-05,2.0094413164066782e-08,0.23568868494725814,15023.386709464343,3.692157346601392e-10,-259.29288795625314,-258.099202137858,1.802585719658488e-06,5.8359798028862366e-08,-2.3054807575127458e-11,3.177122908323502e-15,3.561381267724909e-10,-218.47292737181283,-213.28976518942585
122,39948,0.11,0.077195033,0.115770162962963,0.296346033,117.1300671674581,1.999999996024325,4.078467769607005,0.009382625157605804,-25.39166800002564,-26.563354262723337,-0.04733517416138996,1.5057487399246194,-2.0172451632072406,0.6981671215302133,0.003894763228288251,-17.598416180806723,-16.379540355938524
123,39949,0.11,0.166306078,,0.24453728600000002,,,,,,,0.1284471711868208,0.4720901806706642,-0.6567409380027864,0.2860825222178566,0.0005307111845156479,-27.5642671967624,-26.345391371894202
124,39950,0.11,0.07978547,0.0211072679012346,0.201017938,144.75264524521828,1.9999999999961284,5.975686429574707,0.00717117958762116,-26.735615166170938,-27.907301428868635,-0.00573973081718983,1.012246634352318,-1.4119796929157646,0.47281881572992557,0.0011001948175124441,-23.91914427027318,-22.70026844540498
125,39951,2.0,3.7875e-05,1.4972321428571398e-05,0.000306713,9.802932504544006e-06,0.5608623284962184,3079.705127806685,1.173091711088497e-09,-128.1322953269294,-128.75701691924525,8.426582109480482e-07,1.9194998353628035e-05,-3.7291536866972895e-07,2.2544232526699702e-09,1.3589603826216736e-11,-137.85359065721738,-136.47831224953322
126,39952,2.0,2e-05,-1.1424731182796001e-09,0.00029287,1.1089595482420802e-09,1.999999903824306,-1.5250974792481717,1.2323414746804253e-09,-127.8366558507665,-128.46137744308234,1.8811762349799767e-05,7.811315452662347e-09,-6.664733739731798e-08,2.0848676277855296e-09,6.334779825955001e-12,-142.43309076452957,-141.0578123568454
127,39953,2.0,3.43e-05,3.15e-06,0.000126789,1.482824544663984e-05,0.22100107057029117,6936.4319227092565,2.52782458455282e-10,-112.53964878759652,-113.71133505029422,-8.259047619050221e-07,1.613446327575993e-05,-7.996579724409478e-07,1.312466019872522e-08,2.0421145709745117e-10,-101.41712975280689,-100.19825392793868
128,39954,2.0,9.09e-06,3.94928571428572e-06,0.00020511599999999998,2.5676012292930403e-06,0.25038355975398296,2766.3016061421845,3.2854381630742283e-10,-135.76866223890747,-136.3933838312233,-1.3840600801068063e-05,6.945496911789963e-06,-1.1453241890066794e-07,9.286563096428486e-10,2.5550623870279203e-10,-120.2499401506689,-118.87466174298474
129,39955,10.0,0.000110764,6.61342e-06,0.000454745,8.099526527852822e-06,0.17131148444662259,1296.7876460928085,3.873839233715598e-09,-143.20450944462544,-143.3667789974595,6.524514285714249e-05,3.780778571428566e-06,1.527650000000003e-07,-1.8390000000000029e-09,2.686710597142864e-09,-123.90086910407234,-122.1172285078511
130,39956,10.0,6.78e-05,6.8588499999999996e-06,0.000375347,2.398360097040302e-07,1.2238358229512412,2706.85420279812,7.812421593053732e-09,-138.29422704955084,-138.4564966023849,8.140928571428447e-05,-5.1050900793650235e-06,4.1119607142857037e-07,-4.230277777777769e-09,2.832239443571447e-09,-123.53161838635904,-121.7479777901378
131,39957,10.0,5.13e-05,6.20058e-06,0.00041666699999999996,1.8340723312877592e-06,0.5271002611815607,1793.4476543866112,8.048659415655229e-09,-138.08569308459218,-138.24796263742624,3.881428571428137e-06,4.726648809523842e-06,1.0052702380952277e-07,-1.3349999999999905e-09,7.389378739952381e-09,-116.81878679082115,-115.0351461945999
132,39958,10.0,9.590000000000001e-05,8.5152e-06,0.0004894680000000001,2.6819134334419577e-06,0.550188250905931,1513.5325410461205,4.165271669987504e-09,-142.6967613993564,-142.85903095219047,6.76621428571426e-05,9.47049999999967e-07,2.9553702380952507e-07,-3.2650833333333437e-09,8.858124498809558e-10,-131.66784266558997,-129.8842020693687
133,39959,10.0,5.79e-05,5.868330000000001e-06,0.00043819400000000004,5.496054587197882e-06,0.05778041334713979,317.67774245747455,7.52344993434234e-09,-138.55805829763975,-138.7203278504738,3.4823142857142526e-05,2.180757142857155e-06,1.244284523809519e-07,-1.103583333333329e-09,7.260207032738107e-09,-116.9422340197934,-115.15859342357216
134,39960,1.0,2.56e-06,5.99e-06,8.05e-05,2.1281730353178728e-06,0.8592306464436317,11494.298743622456,1.885694454032977e-10,-139.09988541292498,-139.7246070052408,1.3085925638408918e-07,4.1686017632330975e-06,2.512532075866309e-07,-1.249918637519942e-08,1.1922871358755706e-11,-138.63867000190038,-137.26339159421622
135,39961,2.0,1.47e-06,1.545e-06,1.77e-05,6.379752817593526e-08,1.9997922083264807,54201.79876422054,5.573235533584418e-12,-160.22882888474376,-160.8535504770596,-5.434809928093016e-06,3.0203177522070997e-06,-1.3540658686669078e-07,1.987215219621984e-09,1.1756725033049831e-11,-138.72286859186838,-137.3475901841842
136,39962,59.0463,0.0017953329999999999,1.5046452093811099e-05,0.008979333,2.6501342560922343e-05,0.03139108803893542,63.017523830938636,1.6698803245633227e-06,-84.56710839161781,-85.19182998393364,0.0013591943128311139,6.330011989877312e-06,4.8801340651066466e-08,-6.116420234225298e-11,5.757637753505406e-07,-73.92870465256138,-72.55342624487722
137,39963,21.5356,0.0013653329999999998,2.8244583081375703e-05,0.008708,5.451154739535219e-06,0.9240526276524008,126.35431719690196,7.558195309524289e-06,-134.9546320493539,-134.04687677037177,0.0019268071850767911,4.1316848703157695e-05,-8.0772915174334e-08,4.7577414470213726e-11,1.3609469991515058e-05,-92.69452711221763,-88.5764314612593
138,39964,44.3897,0.002339444,8.59698147541764e-06,0.013076889,2.2668508205280373e-05,0.09675104138730273,58.14605198260612,2.167814598392093e-05,-55.74321907415283,-56.91490533685053,0.005274238017188315,-5.19594522783238e-05,1.7824477589280216e-07,-1.0663291949214498e-10,5.811942561515817e-06,-50.13578270534853,-48.91690688048033
139,39965,50.4261,0.010289666999999999,9.2645696664702e-05,0.290776778,0.009539573145562598,-0.4772783457230232,0.3833637279530597,0.02981040994704016,-45.391099770530516,-44.79942603852186,0.0667973468175795,8.858315217050477e-05,8.726411722932455e-07,-7.473582184110298e-10,0.025709413498018856,-15.182210229934455,-11.998862765917139
140,39966,20.9172,0.138836333,0.00018344290435918798,0.35230433299999997,0.0005680188899555332,0.9564888173254102,3.3380261864866205,0.017296622929919857,-57.59829095890706,-56.69053567992492,0.18313842623709511,0.0007885741561773198,-1.4398665560042335e-06,7.763633360986956e-10,0.027437947737165007,-16.605362964257758,-12.487267313299437
141,39968,27.8479,0.045561332999999996,-0.00649765602803296,0.7379026670000001,0.036054355717318264,-0.6855097087439539,-2.14224332764207,0.02539836032205351,-20.412542868626616,-21.584229131324314,-0.10128562590130555,0.008583428527345944,-3.701289740112261e-05,3.715396929386322e-08,0.006777897231767052,-14.828246069830172,-13.609370244961971
142,39969,2.6258,0.054216999999999994,0.0156134054317772,0.714526,0.010997058172564356,0.3345013280232947,1.4523166121066473,0.003226209749507432,-30.72942597690315,-31.90111223960085,0.003020402409578296,0.01711867591391343,-6.0679356357552794e-05,5.092072516874351e-08,0.00020611449261604328,-32.29319800097452,-31.07432217610632
143,39970,101.8171,0.122906333,-0.031408090005472,0.50979,0.02460517566032405,-0.6198282960652581,-1.214125553134124,0.00793907754099722,-26.22698050811089,-27.39866677080859,-0.07351429165877206,0.002908571073292252,-6.5665426514770544e-06,4.8855830649154835e-09,0.0026434746397602984,-19.536109608961887,-18.317233784093688
144,39971,39.021,0.195131778,0.0127642068673944,1.5281552219999999,0.00033268628307228095,0.891191663135857,0.7318285745082951,0.08781643400829525,-14.209722663986007,-15.381408926683706,-0.2922799633523211,0.014860507164586369,-3.991903455872963e-05,2.894318752719785e-08,0.012788314209203134,-11.65392161741095,-10.435045792542748
145,39972,0.8444,0.073738111,0.0046359000504074205,2.090899556,0.19896424212709882,-0.2244712553154007,0.522533839790876,0.9035905368681058,-32.36610815462011,-30.448936165774334,0.4503689560720591,0.013784689951141507,-3.4831786825830055e-05,2.356442921529551e-08,1.0257011287522952,25.138746010328887,34.16837663609673
146,39973,0.05,6.957944365,176.9654233,53.82981962,22056.7033304646,1.921096292547202,0.019391189181441625,33.995772790598494,16.406860307821503,15.782138715505669,-3.1187871862863856,243.93278762866288,-295.72921554031103,104.24814048261078,76.71485010674255,38.317277398073465,39.69255580575763
147,39974,11025000.0,195.1782574,5.967002687000861e-05,1342.494005,3.35576534844963e-19,1.9999999938023119,0.0006608601489607532,165825.45378611068,67.36158937018877,66.73686777787293,-940.596842430362,0.00010827365791742773,4.668153177677599e-13,-4.759390101259323e-20,92035.31169963273,80.85627121436056,82.23154962204472
148,39975,1226900.0,7.211510791,9.118224474889721e-05,856.8984812000001,-14884.18054266739,-6.502576255229542e-12,0.0017163305276456254,578664.7858782012,74.86031499654302,74.23559340422719,-175.86790157331242,0.0001420148956764234,-6.539506582266931e-12,9.239622926562452e-20,5916.97316924907,64.39018743197019,65.76546583965435
149,39976,1228400.0,3.338402078,0.000848091602822118,2620.983613,-48013.981476530025,2.8346214264729497e-12,0.0005672656515221892,7324076.1026185015,103.02537198565231,102.86310243281825,-463.3105604261638,0.0005918904290213917,-3.0899290469092e-11,4.550983063331528e-19,546101.1374916631,106.71768471900077,108.50132531522202
150,39977,2.0,0.04460444400000001,0.0186015496122449,0.36452166700000005,0.010944008686204314,0.39390904411666394,1.6980384279599317,0.0005397895677012033,-60.291689329965024,-60.453958882799085,0.005866986413443777,0.015321499662994996,0.00038951312989996597,-1.730447197396863e-05,0.0004384794924857631,-39.881614181190486,-38.09797358496923
151,39978,2.0,0.11399777800000001,0.0380307406666667,0.6278005560000001,0.00917897785742975,1.2666236371925392,1.467953881521581,0.017767964721590864,-35.83387828864885,-35.99614784148291,-0.05066651681232194,0.07137681481719817,-0.0019494462752524177,6.419565209064298e-06,0.016215277913321814,-14.608841379194523,-12.825200782973269
152,39979,2.0,0.054276110999999995,0.0159148148333333,0.231437778,0.01833899582339188,0.39395139708276616,3.324036931481147,0.0009163784532948364,-46.72104353535542,-47.34576512767126,0.015237574823859294,0.017041751164983587,0.0002730746289394847,-2.9475551176241904e-05,0.0004407333992071996,-34.08571683052441,-32.71043842284025
153,39980,2.0,0.10108666699999999,0.0465732406666667,0.589928889,0.003265997053598446,1.8427835274896172,1.5858701744999584,0.012155673014029486,-31.210312635956782,-31.83503422827262,-0.030957329517624668,0.05384677342340237,0.000624060861928603,-8.947677015022974e-05,0.011387726924267115,-14.57460895155323,-13.199330543869065
154,39981,10.0,2.8499999999999998e-05,3.2e-07,4.98e-05,1.3071236568827562e-05,-0.7251693053321835,-4820.4775369022,6.347787490278648e-11,-145.63253500020255,-146.2572565925184,2.819999999999985e-05,-1.9087301587300813e-07,2.811904761904736e-08,-3.2222222222221897e-10,5.2394285714285786e-11,-129.75663590772524,-128.38135750004108
155,39982,25.6513,0.004250556,2.40438444738309e-05,0.027292611,0.00014334673539358162,0.060979686272318645,36.52932902155438,8.314787845979904e-05,-98.32903000141461,-97.73735626940595,0.003753021958640327,6.415265523074368e-05,-6.352295167193112e-08,2.020621785099157e-11,8.806290013661711e-05,-66.2712606191641,-63.08791315514678
156,39983,2.34,1.16e-06,3.45625646328852e-07,1.27e-06,1.0836516158501543e-06,-0.9364699515742556,6.94203858724344,7.565874329229888e-13,-327.3863892214166,-326.1927034030215,8.574981022287785e-07,7.322643102431186e-07,-7.269885174895152e-07,2.0056247980336044e-07,7.488320096818269e-13,-286.2830792198522,-281.0999170374652
157,39984,5.0,5.3200000000000006e-05,6.81451428571429e-06,0.000471065,4.769503014709832e-06,0.3303058999210151,1469.7808222744973,2.963744224475547e-09,-122.57143137900457,-123.1961529713204,5.229756612473248e-05,8.111120882499745e-07,2.9067023272971464e-07,-2.9416705355151328e-09,5.214624321326162e-10,-115.96959770998747,-114.5943193023033
158,39987,2335.8002,0.0006504719999999999,1.3745642614487e-06,0.020901333,4.988427016710266e-13,1.999973422232288,66.3869253561401,0.00020422860525875084,-198.95956203759485,-196.28844676390636,-0.003024719501254335,3.841213271552238e-06,-2.1171797042177867e-10,3.2994472649610473e-15,0.0001683473561839065,-127.35556454851121,-111.99998818006874
159,39988,1455.2881,0.001400861,3.0928250604869197e-07,0.121027556,1.1739644472884996e-06,0.1911173181521435,11.012555004492173,0.010956758791346926,-152.72474540242243,-149.59117808925217,0.014675463196145445,9.278367082526809e-07,6.954778103742041e-11,-1.2326786357103827e-15,0.00991140771069015,-65.23499951308271,-44.4335956340611
160,39989,2.0,1.15e-05,1.3177966101694901e-06,7.390000000000001e-05,7.889363318374797e-06,-0.8287404753628866,-53677.345584101895,2.2333699737660132e-10,-188.4142466228974,-188.1759219978579,1.1374239548472307e-05,2.7212558940440525e-06,-7.45471723960179e-08,1.1419192593254046e-09,2.228032987671913e-10,-161.73037021838914,-159.33316250998996
161,39990,2.0,5.26e-06,1.11780487804878e-06,6.34e-05,1.6644329134417204e-07,-0.9969199019693078,-5922651.652561873,3.7605498242098944e-10,-184.24581836052778,-184.00749373548828,3.5662413788677495e-06,4.39158530798505e-06,-2.2875163451572703e-07,3.904378786521875e-09,1.8125980269032806e-10,-163.38123372094418,-160.984026012545
162,39991,2.0,1.9399999999999997e-05,1.025e-06,4.0600000000000004e-05,1.7609323741885845e-05,-0.07314932505872407,22558.606624580996,3.9195758081254945e-11,-202.33515303104173,-202.09682840600223,1.5560239212051172e-05,2.6593027280296193e-06,-9.556932991268342e-08,1.1214677028532393e-09,4.4162176785112153e-11,-174.6777351784315,-172.28052747003233
163,39992,1.776,0.5136654589999999,0.558227761553468,3.932747585,0.3900544005840051,0.45634874817017756,0.21827060980909324,1.0927986187158025,-12.97634368340011,-12.384669951391452,-1.0705575787839665,1.0973254323253372,-0.10309242569228978,0.0034884714351015983,0.9478675206714557,17.28400760808109,20.467355072098407
164,39993,0.5,3.54e-06,1.6978260869565196e-05,0.000152528,3.501967495971859e-06,1.4369609889949415,6121.278919386046,2.514485257569649e-11,-151.18876427110075,-151.8134858634166,-5.246087724883533e-06,1.1068166349806542e-05,1.5813406076354696e-06,-1.07890400136032e-07,4.07389081505587e-11,-131.2663194524151,-129.89104104473094
165,39994,38.6442,1.98e-05,7.846566203986442e-08,6.25e-05,1.762444939302695e-08,0.8866226972433697,15939.901321186664,5.928482788461152e-10,-180.60419315915703,-180.36586853411754,-8.097602985390445e-06,6.749002021511478e-07,-2.225249561641095e-09,2.281563837323539e-12,5.209001350840966e-10,-154.93621797695724,-152.53901026855806
166,39995,38.6442,2.3199999999999998e-05,1.78788179569435e-07,0.000119534,5.3901075789212786e-08,0.6101405308548804,7545.2104235675415,1.8435204322705158e-09,-171.5282428526667,-171.2899182276272,-1.0583671634107378e-05,8.291268381744039e-07,-2.0041141496821043e-09,1.7650777252773241e-12,1.8455427469143252e-09,-144.8164552497213,-142.4192475413221
167,39996,38.6442,2.64e-05,7.347051384925879e-07,0.00015319700000000002,1.388994526581005e-08,1.0245921861641034,6481.4414174919775,1.5862860237999759e-09,-172.73049543038616,-172.49217080534666,-3.619974347064805e-05,1.6787902536081254e-06,-5.917930889523707e-09,7.547844369082524e-12,1.5594184800807171e-09,-146.16413863704148,-143.7669309286423
168,39997,38.6442,4.48e-05,1.00539028554079e-06,0.00027769599999999997,4.549660819291622e-10,1.9999760820241965,4172.207558267821,6.662626381714104e-09,-161.24954896161108,-161.0112243365716,-9.875331612064333e-05,3.7588181468924994e-06,-1.289114546028932e-08,1.2591377513037097e-11,4.607719601714204e-09,-137.49677792797763,-135.09957021957845
169,39998,6.0,0.0285735,0.00228656231809232,0.454763194,0.0009824621347663742,0.39537711176347834,2.16852508295338,0.005721116504659557,-51.944262729565324,-51.70593810452581,-0.0021739809429668243,0.0034764058410084713,-8.985224798436743e-06,6.691479357139884e-09,0.0015683643222441004,-35.59429208754521,-33.197084379146034
170,39999,6.0,0.023134832999999997,0.00242355597659156,0.571887694,0.0001401879345484752,0.9115222640801752,1.853796908595527,0.028004904803796415,-39.238537234106865,-39.00021260906736,-0.027671598214076013,0.005141486453175295,-1.4431314682988483e-05,1.115721514763327e-08,0.010164624263968946,-20.64325017246011,-18.24604246406093
171,40000,6.0,0.0011911110000000001,0.00522442685036097,1.31173225,0.0008035855243824768,0.46268081038473596,0.7562776009287565,0.1343755956773668,-26.6924639107362,-26.454139285696694,0.022462339688626057,0.0032812302355024795,1.6722876943100908e-06,-5.125012086853888e-09,0.05194136443365975,-7.593634231546801,-5.196426523147622
172,40001,6.0,0.019346417,0.0036925172347315204,1.217334194,1.2486467489996298e-05,1.3644543078754259,0.9916950515616199,0.12325645149786338,-27.383437314390918,-27.14511268935141,-0.007970719755791814,0.0038407082372123986,-3.2686827850974947e-07,-4.018396119184514e-09,8.433834951821293e-05,-58.97790683592902,-56.58069912752984
173,40002,6.0,1.58e-05,3.3688524590164e-07,0.000136822,2.5572887531911873e-07,-0.9963686000160179,-3835137.5252655796,1.6840940646951109e-09,-149.03563749692637,-149.19790704976043,1.2563791281181864e-05,2.4588509843529344e-06,-4.898770998296361e-08,3.088950232294944e-10,7.140000648132652e-10,-133.1771980182204,-131.39355742199913
174,40003,6.0,1.0300000000000001e-05,2.12650273224044e-06,0.00024434,7.992237416273518e-07,0.5905121143508647,3472.7135733552254,5.47288821350156e-09,-140.7855864939453,-140.94785604677935,7.430870022800318e-06,2.0843149672503714e-06,3.81197627246347e-08,-3.4065751592952517e-10,3.1625019493102343e-09,-122.75954814409374,-120.9759075478725
175,40004,1.0,6.89e-06,0.00016634278571428602,0.004256556,0.00018116667385072613,0.4992027643700063,289.3769595617581,3.3046730382032025e-06,-175.26095602538084,-173.80623607601683,0.0003195119194899777,7.798338949461981e-05,1.5003699052508739e-05,-5.774731185443841e-07,2.268067779142595e-06,-133.72334245128553,-127.35918260319353
176,40005,1.0,0.000535667,3.0203497906698604e-05,0.0050111109999999995,0.00037310509148038933,1.8094664987130153,279.057257679904,7.581275334633262e-06,-165.29682926758574,-163.84210931822173,-1.4162573948615955e-05,0.0008210616755258454,-4.818326013174717e-05,7.676100513036245e-07,4.004905813773802e-06,-126.90024093911086,-120.53608109101886
177,40006,1.0,0.00038366699999999997,0.00011021153846153799,0.0038773329999999997,0.00015779623241728077,1.2988258700734288,308.17916494384815,1.2213742220503709e-06,-187.20528685699043,-185.75056690762642,0.00016529095418273254,0.0004412485164820435,-2.011089451418655e-05,2.8701603913001915e-07,1.842350115355969e-06,-136.21797777706,-129.853817928968
178,40007,1.0,0.0011279999999999999,2.71334458762887e-05,0.005734111,0.0013797101542903929,0.6360713980687889,218.58154427808117,5.3696551753674405e-06,-169.43584217335717,-167.98112222399317,0.0011199882158794158,0.0005079872344320966,-2.0235304216970783e-05,2.112614197739623e-07,3.0213924006011816e-06,-130.28186827691815,-123.91770842882615
179,40008,1.0,0.000637667,0.00042155146428571403,0.005738,0.0005583109532527513,0.8009950949272402,189.01050372803127,2.5448153605096483e-06,-113.68715201737177,-113.44882739233226,-0.00010422016233766603,0.0008341998949314593,-2.8896002164502443e-05,-4.2848800505049127e-07,2.0406600079371696e-06,-88.75041395521374,-86.35320624681457
180,40009,1.0,0.0008968889999999999,0.000155992191803279,0.006665778000000001,0.0003321874313752993,1.0590592220147554,177.8691071405146,7.749109732774477e-06,-165.03407093011006,-163.57935098074606,-0.0002558997010167189,0.0009288431785921505,-4.614716393968321e-05,6.86640907725117e-07,5.715164076237201e-06,-122.63300561706575,-116.26884576897375
181,40010,3000.0,200.2314815,0.0713049498056075,1481.481481,-447.14468136224605,1.9273155625663292,0.0014156198735905893,1116578.4312717854,78.80412075606935,78.17939916375352,-106.4257968038122,0.11616622444770881,-5.514492384718399e-06,1.8358330115095662e-10,708.8146539631449,51.65827002351412,53.033548431198284
182,40011,1.0129,3.7e-07,6.40039940089865e-06,6.925e-05,2.1057350626661215e-06,1.9999999183036588,9496.017946661135,1.0010875049580122e-10,-117.17100964160846,-118.34269590430617,6.317772167201741e-05,-0.00010912241325714852,5.2824110717151275e-05,-6.230113526461192e-06,1.7611402889488376e-12,-125.18310235623048,-123.96422653136227
183,40013,0.00824,0.325840545,0.579410992410978,0.51495536,91.58027384736185,-0.04615972094384513,2.0058477775102626,0.004688068645477588,-53.53740900550251,-53.299084380463,0.3522468868784842,1.9655559154600173,-7.706674466885187,7.042871235269477,0.009361155849868658,-21.302007865226724,-18.904800156827545
184,40014,0.01294,0.292255649,1.0163173558024101,0.63779449,1.0429782484670267,-0.7746646775215567,0.5839238494762149,0.004897285100795272,-44.85489106272126,-45.01716061555532,0.30170808576381875,2.379110942987668,-8.205133042286091,7.373698137521779,0.006024299242166416,-21.539910381588943,-19.75626978536769
185,40017,10.0,0.000140931,1.31536701030928e-05,0.001526875,5.667528582166067e-07,1.6546583005780868,848.8035981764835,7.416274804530988e-07,-482.505451782022,-478.5088382514964,-0.0004196092426052402,7.632278324800876e-05,-1.2035875199089777e-06,5.863783276450504e-09,7.220595678635161e-07,-359.7935979551853,-324.4884852008052
186,40018,10.0,0.000279507,1.08124466607302e-05,0.0015251320000000002,4.8657005164202486e-05,0.04113733913197093,484.70189748963946,1.2657257784730081e-06,-521.4294140730099,-517.1274524595544,0.0005807042939562624,-3.150763473679247e-05,2.3285300157431e-06,-2.967370732776516e-08,1.1650798724783105e-06,-386.0237625904651,-343.87212086488097
187,40019,10.0,0.000205778,1.4688800000000099e-06,0.0011102780000000001,3.115577742275552e-06,-0.9939269956463672,-313049.06441145047,3.8338358067037777e-07,-462.84048564234075,-459.0661960282763,0.001131809680086928,-0.0001379302569287513,6.990796231924199e-06,-9.201160550507131e-08,3.1774587788780093e-07,-353.9380676561105,-323.0018472816164
188,40020,10.0,0.000140722,8.84008607594937e-06,0.001042826,2.1914142984440677e-05,0.19071725339429024,798.6308383068488,7.093295569528728e-07,-465.27912655543525,-461.3916159574223,-0.0006125648286879679,0.00012548807569113984,-4.673359265239068e-06,5.996430761386808e-08,6.62819870482049e-07,-348.4875040395068,-315.3874192554029
189,40021,10.0,1.73e-06,5.58302222222222e-06,0.000564556,7.2398466113988105e-06,0.6244481216210351,1888.02427440048,1.8499395671524618e-07,-344.500251501471,-341.66693456397167,3.2137333333325345e-06,2.1675389999999917e-05,-2.46679333333329e-07,-5.411000000000265e-10,1.8443940470253345e-07,-264.637628629323,-247.52660496265995
190,40022,10.0,6.18e-05,9.435483870967891e-08,0.00021241,2.461478132161581e-06,0.6548418155890241,4484.529098842582,2.9909469555965024e-08,-379.12106388770195,-376.28774695020263,0.0006425214803387676,-0.00010424344296228939,5.682845538414945e-06,-8.495360455736965e-08,2.3467538399866732e-08,-303.80998293534367,-286.6989592686806
191,40023,0.7835,0.000344056,2.50718675282736e-05,0.00846775,0.00018750787331361116,-0.7820034610880462,-1609.1793142464005,6.54934560566202e-08,-123.41058029118886,-123.57284984402293,0.00025566654236018307,3.606134832976422e-05,-3.1113283550206557e-07,2.105575281445146e-09,4.312404743482646e-08,-104.47052693066821,-102.68688633444697
192,40024,0.7812,0.000840611,7.604716712356741e-05,0.016241361,8.587870714596028e-05,0.030285971261026834,4.700826445470827,1.0631746041362442e-06,-103.90112955598394,-104.063399108818,0.0007384544829307203,2.278659294305085e-05,1.26614014578071e-06,-5.0864701462780795e-09,4.2034887670322954e-08,-104.6495929110853,-102.86595231486406
193,40025,5.1322,0.000283583,7.85867895786306e-06,0.003901944,1.123131020154603e-08,1.6674708651039536,187.89815785271173,1.9919607526639253e-06,-164.76715011699514,-163.57346429860002,0.0006094569323763711,-2.761236415626879e-05,5.564518011886224e-07,-1.6969416454056776e-09,1.339087502901643e-06,-127.91894385372171,-122.73578167133475
194,40026,9.7057,0.001096667,2.35080061217828e-05,0.007314194,0.0002526450196458508,-0.5175408967338253,-174.75848158525494,4.391734981672452e-06,-93.97187442047552,-94.13414397330958,0.001448418121142831,-1.3097478755049007e-05,5.286986452457152e-07,-1.5775172613205948e-09,3.6098616973614546e-06,-73.47911925985682,-71.69547866363557
195,40027,3.1544,0.000893833,0.00033118609004885696,0.057225860999999996,6.87788285232554e-05,0.43495978119834255,10.413663988676712,5.705395271822143e-06,-122.44190582306373,-121.85023209105508,-0.0013336328583939377,0.00034264047733614534,2.2122718163882377e-07,-2.4112377178171827e-09,1.04235648166573e-05,-85.4771008033522,-82.29375333933488
196,40028,2.0226,0.004971361,-1.67251744537587e-06,0.011758722,1.7555475624539676e-05,-0.9984196386323978,-56400.755527522,2.566414766960704e-05,-81.61428004975036,-81.77654960258442,0.005546875157631233,-0.0001393275445029455,2.082058335347437e-06,-6.208613647080213e-09,6.4567389701051634e-06,-69.40893477562807,-67.62529417940682
197,40029,2.5608,0.000141944,1.7936304345384102e-05,0.004467722,5.409710844750218e-05,0.10065927248764206,221.02040247236198,6.8109968684006734e-06,-135.99557158484788,-135.08781630586574,0.0003657772966232067,1.8270755714161347e-05,5.033751883361738e-07,-3.886079255330306e-09,6.346652239404511e-06,-100.32291117059518,-96.20481551963685
198,40030,4.8105,0.0007009439999999999,2.9340844768301e-05,0.006094166999999999,1.4945747726593597e-05,-0.9964840834437068,-65613.97507477237,3.661865640611196e-06,-79.85578363067617,-80.48050522299201,-0.00030992510900348556,0.00022018518812825404,-4.5338767876285676e-06,2.5343586984849872e-08,1.5576158384576606e-06,-67.95741970354503,-66.58214129586086
199,40031,5.4393,0.000346167,5.30993795104646e-06,0.000960158,0.00020567746760148285,-0.8245716047984222,-827.8545951526111,4.437984870744145e-08,-186.33065421467475,-185.42289893569261,0.0003195229764281115,8.752592103701049e-06,-5.874234312194648e-08,1.5143833471953187e-10,4.018569876408817e-08,-150.9446268333805,-146.8265311824222
200,40032,2.6832,0.000316833,2.56685861276824e-07,0.00034052800000000004,4.969206040098262e-06,-0.9995749356410055,-197712.097517657,1.706697894808337e-09,-148.94230876632594,-149.10457831916,0.00029497345979789406,3.010054634433038e-07,-2.8269151941754442e-09,1.9100856654553063e-11,1.0124510606356278e-09,-130.73247315155683,-128.94883255533557
201,40033,1.0,0.032056452,0.000123860230729168,0.39606854799999996,0.19666875851410745,-0.8004914183875962,2.790975014785027,0.11889042700715548,-240.42334961101608,-235.21034075616598,0.14782254905443837,0.0005825361512715208,-8.887368676155162e-07,8.317639557225058e-11,0.12420741223741961,-47.39498929806045,22.374125814990904
202,40034,2.6460073530000003,2.3399999999999998e-07,5.8379989321181107e-08,3.12e-07,4.6709909142201877e-08,0.7631956405885933,-19.595202703086933,1.2017170949219664e-14,-372.953686410923,-371.7600005925279,-2.0865756536338777e-06,3.0694395219721993e-06,-1.4274578745872316e-06,2.2761064295374077e-07,1.120134691498704e-14,-332.51036626958916,-327.3272040872022
203,40035,12.81853282,6.244337862,0.0326314983623362,141.1088744,-1.414700227754324,-1.0062703707644345,0.7504879734254525,26997.30329173043,180.61541092615147,184.27203840075606,-4.81864772055712,0.9517460071232605,-0.0030305898137262073,2.6181501137689725e-06,16180.11305345489,276.76348548409396,305.5787536311944
204,40036,14.84784624,11.27935219,0.290022351007993,1318.710274,-5.495042983564825,-1.0095564703206947,0.19531173079531203,1395003.4122809938,269.28848613518954,272.8226476262334,-27.732031882348394,2.472666178139121,-0.0041843278105626125,2.8281563634871884e-06,1260422.1698944564,370.9627323442152,397.7018627815221
205,40037,12.82399542,1.169237603,0.00243438371398282,69.00516932,-0.13988547814033991,-1.003852037315234,7.35824468024666,4094.082168526915,116.72828337421107,119.86185068738135,2.013980472656869,0.018296866486955925,0.0005078074213414557,-7.308480827781387e-07,2995.6762920581236,199.76387833629593,220.56528221531755
206,40038,0.25,0.06122449,0.19362789092243202,0.75,0.4637693353274122,0.20673790322885477,1.4134441542581362,0.18801631008839845,-164.53522614454855,-160.0457034601491,-0.021421420804833023,0.3853350672210431,-0.08764567095534606,0.006239485112045835,0.1797885158780283,-18.361949347695713,28.533277496298695
207,40039,0.25,0.078787879,0.0627703796810176,0.6166666670000001,0.44095273206350777,0.29945182060865827,1.9107296812215462,0.14590179504506381,-179.34018952623114,-174.76110795238264,-0.018985238086697317,0.33484817511220866,-0.08120614910537027,0.00595057836208003,0.13619899950920825,-29.19213743442829,20.125038828672714
208,40042,10.0,0.0006944439999999999,3.6679350900107498e-06,0.006875,1.4995720257015245e-07,1.771725246898617,276.21744920087434,0.00013530796248660798,-1171.90587097869,-1164.4738605352554,8.858787146347094e-05,5.1134812374029424e-05,-2.1101605824413354e-07,2.6013714546652407e-10,0.00013840684370691506,-756.1800077484003,-543.6063785177527
209,40043,10.0,0.0006944439999999999,2.1850749596811796e-06,0.004027778,0.0001095721314792938,-0.2838295932413586,229.830013101056,5.62165532925453e-05,-1249.1999782379203,-1241.7679677944857,0.0005069471561478427,1.5067127022695849e-05,-3.345838383784119e-08,2.4024491815019018e-11,5.629989579426793e-05,-835.3364307175469,-622.7628014868993
210,40044,25.0,0.03633658,0.00116239044,0.166042781,0.0003974253491513907,0.43764200032567224,5.311903433414349,3.1520646402596444e-05,-53.87152848961194,-55.04321475230964,-0.007702153359377481,0.0018714574890324046,-7.386955770153838e-06,1.0260057962563801e-08,1.8325397141080104e-05,-44.39391742179734,-43.17504159692914
211,40045,5.0,0.0,4.79823151575456e-05,0.023333332999999998,0.00015672359805907654,0.3895787241584894,47.98679699707487,0.00038421716586737475,-295.32376636832646,-291.4362557703135,-4.4061067212970545e-05,0.00035615150364098127,-1.3811741972732394e-06,-6.234657208160272e-09,0.00037368648899646466,-177.45143576281072,-144.35135097870682
212,40046,5.0,0.0025,4.83220422599666e-05,0.0275,0.00012221172341330251,0.7199143646657378,49.17054523584433,0.0005125182048068212,-240.36837646456138,-236.96189381677394,-0.0006855270421567675,0.0006139814842066601,-5.512029080389572e-06,1.4860509968833627e-08,0.00045205025607566454,-143.98468999996226,-119.27480568137926
213,40047,20.0,0.000231481,2.6450798424632997e-06,0.0007638889999999999,3.948378348573166e-06,0.3766559683526953,1186.323483202553,4.1920376763459264e-07,-1379.2018754938806,-1372.3304971704354,-8.202087257313739e-07,7.884056798380533e-06,8.149419533621392e-08,-1.1637820550386943e-09,4.1606947289158146e-07,-1038.584705315372,-876.2525444349847
214,40048,40.0,0.00046296300000000005,1.03610136919316e-05,0.0034143520000000003,7.191850987914776e-06,0.15675398569066612,200.9335385521447,2.482352645600939e-06,-1212.9978410734298,-1206.209801442306,1.334904446775399e-07,1.1549330438259004e-05,-5.489867097356244e-10,-3.0259165693461836e-11,2.464574626370945e-06,-882.018884036522,-726.1566523977125
215,40049,10.0,0.000115741,1.1380709352518e-05,0.001631944,8.485308514392645e-06,0.13412866723642036,388.7984003405849,6.479581303686817e-07,-863.7907568264715,-858.1771537937478,-1.2604935727535527e-05,1.2814462340858426e-05,-2.8644311608768417e-08,1.9678560558959013e-12,6.478989355659557e-07,-643.5770429226748,-557.3729974318196
216,40050,5.0,0.159,0.0005223990384030599,2.113,0.2886548638455522,-0.6103277995846856,0.42899593490277427,16.830534525504618,-296.8337851265165,-287.9663039537127,0.48726481975059477,0.00709072327046454,-2.1795546015742223e-05,2.241786311426588e-08,17.047494724426866,379.9635635955725,792.8235246021478
217,40051,25.0,0.26899999999999996,1.0870929337415199e-05,1.8869999999999998,0.17330101202013773,-0.3361264669717767,1.400796359683581,12.148554121454252,-220.4587699291839,-212.49688887871133,0.44454039348881585,0.0015953398963277725,-2.483548495844501e-06,9.838026777881387e-10,11.873137106776026,273.11049375798353,545.8144494740509
218,40052,4.0,4.6299999999999994e-05,7.57969373401534e-06,0.000289352,1.9271769221486944e-06,1.008747318457206,4467.939687977337,3.86938893529147e-08,-1486.12555724993,-1479.380071523782,-6.716098442906822e-06,1.0298495861138607e-05,9.703141786126013e-08,-7.0872859897635136e-09,3.4596903011377116e-08,-1167.3083890009393,-1014.6592077836322
219,40053,4.0,4.6299999999999994e-05,8.09485337837838e-06,0.000231481,2.0707307560097495e-06,0.9631992690934728,4318.797137704217,3.249155930665533e-08,-1498.3546515923017,-1491.6091658661537,5.340877854670956e-06,7.148425795023939e-06,3.1408041687262837e-07,-1.1115601571510898e-08,2.5841257041060725e-08,-1187.733818142877,-1035.0846369255698
220,40054,4.0,2.3100000000000002e-05,2.47913493458309e-06,0.00025463,2.35990809020723e-06,0.8098171646487895,6689.064619704076,6.245033319451439e-08,-1452.6172654940517,-1445.8717797679037,-7.933802076124695e-06,9.464048574037463e-06,-1.3673286270390536e-07,-8.078374303152568e-10,6.168696992851858e-08,-1126.8267901796285,-974.1776089623213
221,40055,4.0,3.47e-05,1.20872035573123e-06,0.000138889,1.4765175793227856e-05,-0.42692436498916053,940.469655622374,2.4667026277436715e-08,-1517.6405587025683,-1510.8950729764204,-3.854488581315152e-06,9.70273204914322e-06,-4.434626331047147e-07,7.590458297289539e-09,2.3786130913071752e-08,-1193.5346935556834,-1040.8855123383762
222,40056,0.25,8.1e-06,2.08e-05,4.1700000000000004e-05,0.00017300617158871724,1.4792237950104408,26571.62230773344,1.9946923405388797e-10,-113.72399509596929,-114.89568135866699,2.16954130466797e-05,-8.639759976439506e-05,0.00016255832719776276,-5.833391253129172e-05,5.2583861728758424e-11,-108.20086350263087,-106.98198767776266
223,40057,4.0,0.000373639,7.64305e-05,0.001052083,3.0106207717414754e-05,1.0035999613627062,835.4636189086248,1.2907361647462506e-08,-113.74336492338784,-114.36808651570368,-7.560662447559754e-05,0.00011935809339506788,-2.0363710797605466e-06,-5.676884976465745e-08,6.383895428868937e-09,-100.94021855964884,-99.56494015196468
224,40059,1.0,9.46e-05,9.023379999999999e-05,0.000868556,6.681024838763379e-05,0.7919214813795592,1174.5207065649563,4.8912419231890105e-08,-165.2741317022245,-164.68245797021586,-0.00012702498589902206,0.00019009440424875646,-1.4210831456055496e-05,3.5532248302705036e-07,3.70296576214414e-08,-136.23804779071494,-133.05470032669763
225,40060,4.0,0.000247861,5.41875e-05,0.000864306,3.763862712402516e-05,0.48843628502990377,900.4414794197661,1.9070930881106555e-08,-90.92269258528893,-92.09437884798663,0.0003073175999999975,-4.989464285714305e-05,1.0888636160714306e-05,-3.604257812499999e-07,8.51465269612855e-09,-82.76519078494871,-81.54631496008051
226,40061,10.0,0.000126013,1.43394e-05,0.000416207,1.7812586194876535e-07,1.9999999999337459,2702.4574674356677,6.698230086070584e-09,-161.206912427084,-160.9685878020445,0.00013277180774879483,6.951496950656754e-06,-5.83929321401125e-08,1.4794920739863597e-10,2.2708024568459936e-08,-124.73689555983435,-122.33968785143517
227,40062,10.0,5.8599999999999995e-05,5.08398857142857e-06,0.000473424,2.8781975327704016e-06,0.46004470088893434,1968.90990568886,6.293166221753488e-09,-161.70594448541084,-161.46761986037134,7.05817944985972e-06,8.1078312222539e-06,-4.5913288815090714e-08,8.240238178803013e-11,5.796237968017536e-09,-135.66096985053906,-133.26376214213988
228,40063,13921.8311,2.4e-06,9.45233939045846e-12,4.39e-06,4.07743787617672e-07,-0.8051781581611632,47.45221861489415,2.7910579441444693e-12,-494.44283365780507,-491.9431936256364,2.003559666384773e-06,1.827962605236724e-11,1.4158102415065372e-15,-2.4476888790052847e-20,2.106661350350894e-12,-428.98130096014455,-415.31631414335754
229,40064,4.3,2.08e-05,4.0934012539409396e-05,0.0048755000000000005,6.399000476897212e-07,1.7748423259803583,281.04238228754525,1.0111488373665632e-05,-237.69587825153002,-235.19623821936136,-0.00033866690862660505,8.811082902481239e-05,2.2669505010589093e-07,-9.634116881121872e-09,9.357961552474932e-06,-168.76852897881525,-155.10354216202822
230,40065,4.3,6.69e-06,9.076641234934401e-06,0.002786083,4.891375986786005e-06,0.5883677372269993,421.8128014697425,6.283933377438682e-06,-309.4627744230019,-306.32920710983166,-0.00020139854828094155,4.394063021828591e-05,-4.468486945781044e-07,2.254394488742087e-09,6.290786931723132e-06,-219.84446491819628,-199.04306103917466
231,40066,13.0,0.00020355599999999997,5.90572163449077e-05,0.030910389,0.0003953984576948101,-0.5282062370664815,-141.620783319198,0.00020083994605349717,-174.5694556422714,-172.25168947555207,-0.0024399248550984742,0.00019171193409194925,-1.22896872951167e-06,3.3936843712740687e-09,0.00018741803296604535,-110.27008994367796,-98.2264365545608
232,40067,13.0,0.000251583,2.29497450556848e-05,0.024473861,7.696816183183426e-06,0.40774681249071776,24.903829154393563,0.0004240248383758944,-268.61485870602746,-264.9582312314229,0.001298846730605276,-1.8801356541713395e-05,6.067332362097466e-07,-1.3951256301354805e-09,0.00041929133926882605,-159.94858294184002,-131.1333147947396
233,40068,0.5,0.014947222,-7.633766336633659e-05,0.029224667000000003,0.00010674945628066062,-0.9991165813947167,-9295.043877117363,4.624107493103116e-05,-64.64040933792032,-65.26513093023615,0.015782286071802668,-0.00022371210710752992,1.6314929236422127e-05,-1.2945520094767637e-07,1.558374129460017e-06,-67.95449944632291,-66.57922103863875
234,40069,0.5,0.025658444,-3.67238379914454e-05,0.049189667,0.00012762495874077805,-0.9994148809635175,-7789.517905035682,0.00032005281294905587,-53.03270402730262,-53.65742561961846,0.0285065463886193,-0.00079947596834037,1.8785546606745446e-05,-8.721462891174006e-08,2.7088298966643023e-05,-50.82174659151894,-49.446468183834774
235,40070,0.5,0.033371889,9.59648636498078e-05,0.074652778,0.09176714392539966,-0.5059444354021507,15.395499897946845,0.0010787870764465935,-45.742064493373746,-46.36678608568958,0.02750407894454888,0.005338057946375078,-0.0001522976234050482,1.0308889988951733e-06,0.0004062569675202725,-34.57444245880187,-33.199164051117705
236,40071,0.5,0.037909556000000004,0.000133030779004352,0.093516889,0.18584060490920165,0.35665768966434985,13.918617020926648,0.0013210877449860935,-44.52635581033309,-45.15107740264892,0.03476737270352538,0.008596966826436812,-0.00024916788005565444,1.6681187718857192e-06,0.00011507712696502535,-42.14274232774061,-40.76746392005645
237,40072,0.5,0.033046,0.0018024237641196,0.10890799999999999,0.04368129293667216,-0.6678313844445551,3.9426017789784797,0.0009093667046054872,-46.76712959374435,-47.39185118606019,0.03834188657341958,0.0028334364215637413,-3.579669875754635e-05,1.4351188702897094e-07,0.0008690645806917786,-30.011853133067312,-28.63657472538315
238,40073,0.5,0.004346333,-0.0011472775,0.08651355599999999,0.0013744906533583359,1.9999999999590186,11.86912715094931,0.00047911207425387043,-50.61201289002959,-51.236734482345426,-0.008055089690026985,0.012683763471040468,-0.0003131307506046689,1.9447820809860914e-06,0.0007944809023060608,-30.55022407481693,-29.174945667132768
239,40074,0.5,0.027116777999999998,0.000753675622950818,0.07968,0.03594131247185417,-0.2216293364712636,12.885948167566273,0.0011763516736094538,-45.22258140751829,-45.84730299983413,0.014798781829001493,0.007119087981961606,-0.00016772323562528393,1.01241570279489e-06,0.00042001212594852807,-34.374656271697916,-32.99937786401375
240,40075,0.5,0.010861889,0.00010444007920791999,0.041666,0.015297719037398608,-0.7742630036374756,1.2145984638143201,0.0001780288395016704,-56.551946822110246,-57.17666841442608,0.017735891855633158,8.437754710371388e-05,1.4400961969819937e-05,-1.3172576533528636e-07,0.00012659187204056515,-41.57054793015126,-40.19526952246709
241,40076,0.5,0.016854888999999998,0.00365602255481728,0.08793033300000001,0.014266778765177126,-0.14665791542701423,10.319807075012228,0.0012084947730625058,-45.06083491321769,-45.685556505533526,0.009476859520306045,0.005354914571602225,-0.00011644907145981819,7.074747947747057e-07,0.001197303020366884,-28.08939682449003,-26.714118416805867
242,40077,0.5,0.000241778,-4.09524254325444e-07,0.001217111,4.566383738973372e-05,1.9999581931126196,1527.9705067195548,7.022327708929432e-07,-89.76456224784835,-90.38928384016418,4.883287569442199e-05,0.00016320754403093392,-4.834442581469007e-06,3.2606105246135815e-08,8.696167925511879e-08,-85.27008411886305,-83.89480571117889
243,40078,25.0,0.0031305559999999996,-3.14185846153846e-06,0.0033361109999999997,1.5286860274702354e-05,-1.0007374106439573,-65178.8511283243,4.941862163807439e-06,-78.05716686471797,-78.6818884570338,0.0027180327760770594,-5.549158400041373e-06,-7.484147669541165e-10,6.909958222158123e-12,9.234770624234239e-07,-71.0940136685499,-69.71873526086574
244,40079,25.0,0.0036914440000000003,-9.23195142636854e-07,0.0065861109999999995,16.867271790720082,-1.9999999999999205,206.35011192741305,1.1306317611218868e-05,-73.0914502623753,-73.71617185469114,0.00530590831730691,-1.687645946879541e-05,6.230123175010915e-08,-4.808902337327967e-11,4.625198247872837e-06,-61.42724235799385,-60.051963950309684
245,40080,25.0,0.0035125559999999996,2.7498816183412003e-06,0.012120333,3.697262101007417e-07,1.9999998382321644,105.6510403766267,1.1582420923114813e-05,-72.94668909707757,-73.5714106893934,0.0037264535752614975,7.068266456498499e-05,-1.8158587064535184e-07,1.1527223546357685e-10,1.766568822677908e-05,-53.38661232493532,-52.01133391725116
246,40081,25.0,0.007883778000000001,0.000103273325714286,0.022821556,0.00031268868367182996,0.03990155622012992,41.02053255413862,7.483723350633949e-06,-75.56723750943284,-76.19195910174868,0.005082478204152854,0.0001046162014144513,-1.8959610771995706e-07,1.0198761021857915e-10,4.326491833674994e-06,-61.827815683398654,-60.45253727571449
247,40082,25.0,0.005297,0.000163679048571429,0.036284332999999995,0.00028142375335952493,0.08566893626581873,28.56503746070421,5.652392733272466e-05,-63.43563591643816,-64.060357508754,0.002123126154077908,0.00021532549866977574,-4.983272948212939e-07,3.171711525047447e-10,1.096977941377244e-05,-56.24549276899078,-54.870214361306616
248,40083,25.0,0.007799778,0.000137812691428571,0.043975444,8.653315473857851e-05,0.3084135904028735,25.298630699309054,0.00013774976562220883,-58.09098768379752,-58.71570927611336,0.005522057513529112,0.00010941448062461033,-4.7921455309693515e-08,-3.5468133241303e-11,5.815698804528557e-06,-60.052992055708216,-58.67771364802405
249,40084,25.0,0.0067326669999999995,6.22857114285714e-05,0.041357556000000004,8.038672520653024e-06,0.7813792451574986,24.207066657464875,8.5629672416599e-05,-60.943428982378194,-61.56815057469403,-4.005296074268577e-05,0.0001989833707622603,-2.9888738866754825e-07,1.3686585553940174e-10,4.367910128471724e-05,-47.9551392272495,-46.57986081956533
250,40085,25.0,0.007565222,-9.65377599999999e-05,0.032442222,3.0348039152815065e-05,0.5772099166326807,33.67804425591419,7.433769648317965e-05,-61.791911094238756,-62.41663268655459,0.00019944144011915652,0.0002153347404618812,-4.935704589336447e-07,3.104822158109039e-10,3.6712225531398e-05,-48.99769884268991,-47.62242043500574
251,40086,25.0,0.005324555999999999,0.000122839048571429,0.046951778,0.00029585928602706503,-0.004052775175407364,18.070745450964456,2.8806059522348854e-05,-67.48010557259919,-68.10482716491502,0.001597962633684331,0.00020588501061672294,-3.665079507065984e-07,2.0596735837416486e-10,2.21787843050793e-05,-52.02154074464473,-50.64626233696057
252,40087,25.0,0.004971,8.452253428571429e-05,0.034855778,1.8260689061784646e-05,0.4356436323284294,25.035482653104676,2.0159082505747176e-05,-69.62169057391452,-70.24641216623036,0.0011244946660499678,9.328757127236851e-05,-5.7423124978968034e-08,-2.1380747151818766e-12,8.364944465122843e-06,-57.87205959194073,-56.49678118425657
253,40088,15.0,0.000945778,-3.66669999999998e-06,0.002010889,8.628784291919977e-06,0.8352957866768116,478.47423525603665,2.5546466081714534e-07,-95.831647319545,-96.45636891186084,0.000359900063032248,3.0496499741884604e-05,1.592590301340056e-07,-3.473088401364411e-09,1.4712394810350098e-07,-82.11523694333447,-80.7399585356503
254,40089,15.0,0.0008039999999999999,9.40754625550661e-06,0.0032972220000000003,6.967386836204508e-06,-0.9953587560108694,-140227.06783425584,7.301706914891611e-07,-89.53048185244101,-90.15520344475685,-0.00027507143667038697,8.969395396621366e-05,-1.8174605023152524e-06,1.3569115862552729e-08,6.320792036475122e-07,-73.36880118746016,-71.993522779776
255,40090,15.0,0.000464556,-1.56669999999999e-06,0.0029077779999999998,2.5491539101889044e-07,1.6065776057032441,333.19523565525503,6.105978075429683e-07,-90.60352089924116,-91.228242491557,-0.0012250262664605593,0.00011898932547194209,-1.4261328497990945e-06,6.692368485078343e-09,6.428927098472063e-07,-73.26702232898091,-71.89174392129675
256,40091,15.0,0.0009585560000000001,-8.90320512820508e-07,0.002255778,0.6109025226187934,-1.9999999955151306,573.4175331615248,1.32249292237303e-06,-85.96650896495487,-86.5912305572707,3.6212670468414498e-06,0.00010524698793208655,-1.7374355357306935e-06,7.663210411755492e-09,6.384390144182279e-07,-73.30873249611795,-71.93345408843379
257,40092,15.0,0.000578556,1.58938517241379e-05,0.0024885560000000003,1.3316837618517775e-05,0.5755432838900667,451.95430165275405,8.363776893173768e-07,-88.71567008179305,-89.34039167410889,0.0013289761871481663,-6.453993479514116e-05,2.2490720346568666e-06,-1.6208751052938063e-08,5.595488658678022e-07,-74.10010426420762,-72.72482585652345
258,40093,15.0,0.0007365560000000001,3.62444e-05,0.002218111,5.0361868863311e-07,1.7531453975244053,461.1968760913061,3.032000167842301e-07,-94.80379558229575,-95.42851717461159,-0.0016312827003594774,0.0001950434071971284,-3.3716653389057464e-06,1.846670266564718e-08,2.016843065148359e-07,-80.22266762343716,-78.847389215753
259,40094,15.0,0.001132889,3.5694e-05,0.004884778,1.611175731080173e-05,-0.9930376626150694,-59931.46284459436,7.609551086756294e-07,-89.28270563979908,-89.90742723211491,-0.0005668295167512438,0.00012630234625776498,-2.2404074037537645e-06,1.6223598265382296e-08,6.8123345763651e-07,-72.91945905870547,-71.5441806510213
260,40095,15.0,0.0009091110000000001,9.277178947368421e-06,0.003370111,3.4599155116701036e-06,0.8814693968987188,284.85848280581826,1.5518512662147332e-06,-85.00692866188899,-85.63165025420483,0.003238713799942553,-0.00023678137151780484,6.468853427860997e-06,-4.3126030745357695e-08,1.1448141510629967e-07,-83.62041446056311,-82.24513605287895
261,40096,15.0,0.00043055599999999996,8.82e-05,0.002442778,4.854038070656204e-07,1.6403249855713034,404.09554785920807,5.089851962765899e-08,-105.51114880186145,-106.13587039417729,-0.0013588969547195906,0.00015073244769115598,-2.1366739755737174e-06,1.027249389182643e-08,3.8356401471336217e-08,-90.18136082131404,-88.80608241362988
262,40097,15.0,0.000645222,1.1629882758620698e-05,0.001761889,9.30394168146826e-05,-0.8917749944064164,-6020.682160619354,7.000222844680459e-08,-103.59898937806486,-104.2237109703807,0.0009731722790055837,-4.087182072763545e-05,1.1452996058075852e-06,-6.615730040038549e-09,3.0943262030542816e-08,-91.46995781595736,-90.0946794082732
263,40098,2.0,3.18e-05,-8.850086505190309e-07,4.6299999999999994e-05,7.894372685349725e-07,-0.9968697774792146,-1220521.0904898944,2.2601566114336522e-09,-548.0612534235975,-544.5270919325536,1.1761476903338563e-05,5.264632546810159e-06,-4.442943364692514e-07,6.4684814932526506e-09,2.03406683465845e-09,-446.4817306816243,-419.74260024431743
264,40099,2.0,8.68e-06,8.09995108828565e-07,0.000137924,3.206116128714899e-07,1.999997392038125,11845.939277734773,3.1862415727931784e-08,-832.0287266491362,-826.9620882867944,-3.987941313502026e-06,3.7262739608771583e-06,7.535844528652631e-07,-4.022111167622187e-08,2.7998490423173688e-08,-655.6847051754905,-591.1961653732749
265,40100,11.11,2.1600000000000003e-05,6.23433985650144e-08,5.11e-05,3.608566389025774e-08,1.8115656166669432,50426.02672118095,3.741024006647667e-09,-917.71143674164,-912.6447983792982,5.887773103050304e-06,7.325900034373176e-07,-1.0871325477549712e-08,4.738014515358414e-11,3.6983287238673213e-09,-736.6554881319353,-672.1669483297196
266,40101,1.0,1.1599999999999999e-05,2.7013634086570495e-08,6.94e-05,1.2565160636611423e-05,-0.7103528889472095,6264.385091272369,7.644127789454946e-09,-1647.5515832718054,-1640.7215849147572,1.127548663907997e-05,1.3705186983433708e-06,-4.758667668325904e-08,6.870470010303686e-10,7.725679393006371e-09,-1310.4603688791633,-1151.3704066670555
267,40102,28700.0,0.023360226,2.16144863599211e-06,2.439759318,65341.34933732105,1.7608576588423994,1.3780641958209934,40.880660422195945,-85.35080500938692,-77.50544345886314,-0.17362081278245742,4.750679875089808e-06,-3.2344850517215085e-12,1.8644111011850495e-19,6.78011432500531,209.81180186081392,468.09361251125733
268,40103,10.6337,3.53e-06,4.4018233339548095e-08,2.6899999999999997e-05,2.4772776619112897e-07,-0.00346061293994282,35661.401994949316,2.2303005283057403e-10,-188.42524903337608,-188.18692440833658,5.956925480718198e-06,-1.9963768639456216e-07,4.417919612706737e-09,-1.6538768520775732e-11,1.6378518151863732e-10,-164.19223912633308,-161.7950314179339
269,40104,10.5922,4.83e-06,4.10198910406367e-08,1.42e-05,1.0664636012914652e-06,-0.3941741342382432,38197.986176186205,2.518952031454642e-11,-205.8722768809508,-205.6339522559113,3.0031246162190898e-06,1.0077627032448565e-07,-1.915163516781493e-10,-4.225505136011989e-13,2.3166736615528816e-11,-179.83894486340492,-177.44173715500574
270,40105,2.0,2.22e-06,4.65321428571429e-06,0.000124488,1.0392392846641381e-06,0.6563647925833891,7066.532890052553,1.697483495421504e-11,-153.54629180779824,-154.17101340011408,-1.0307800623052938e-05,5.371894905625806e-06,-7.253980800503294e-08,3.3610175617822373e-10,1.568439495261875e-11,-136.99342351652047,-135.6181451088363
271,40106,3.0,5e-06,9.06976744186046e-07,2.1e-05,1.3545627350304088e-06,0.5098550770888375,46053.40582481113,2.5258748056427256e-11,-124.05643237481797,-125.22811863751568,1.1576063561377868e-05,-2.9678724736117932e-06,4.6461159337117363e-07,-1.517645148463471e-08,7.27758294348766e-12,-118.0889158406525,-116.8700400157843
272,40107,5.0,1.06e-06,2.57e-07,1.31e-05,2.006620175237849e-07,0.059683454261577396,-2559.084495686391,7.100887259099515e-15,-164.93997282517387,-166.11165908787157,-2.708955367449058e-07,2.6906114531230086e-07,-9.629857637553604e-10,1.8600743875850574e-11,9.14274721046259e-16,-162.99980711776533,-161.78093129289712
273,40108,3.0,0.0,6.489988868223951e-05,0.07666666700000001,0.00018264349836772656,0.191408440320886,20.26843912742485,0.004937556465407443,-589.6032246683359,-583.1738204891612,-0.0015989750734327968,0.00043478278083268354,-2.281618401455475e-06,4.254025958529805e-09,0.004845120519579307,-298.00757158999477,-167.4194880065028
274,40109,3.0,0.0,2.1355039893743302e-05,0.05888888900000001,0.0006663417746310245,-0.41434158715791214,-27.730555868605585,0.0026005758732021416,-708.0362327585304,-701.2907470323823,-6.066508651905177e-05,0.0002433688188619465,-1.1984020579256566e-06,2.721915184577073e-09,0.002541103831539192,-383.0042422053475,-230.3550609880404
275,40110,3.0,0.0,4.63303830339544e-05,0.037777778,1.8922023001729305e-05,0.8433068965358959,53.03350153249008,0.0019610677297128166,-750.7871265378793,-743.9571281808312,-0.000813086465790096,0.00028182999619808945,-1.3696304321116877e-06,2.1267157096381192e-09,0.001982920618084606,-413.66209301343974,-254.57213080133192
276,40111,10.0,0.0008888889999999999,1.53439e-05,0.0032222220000000003,0.00025676707663355115,-0.911459880353618,-2158.881945327643,3.945018435874198e-07,-93.22440895604434,-93.84913054836018,0.00040355575020317215,5.098163598509559e-05,-5.31433741613218e-07,2.0060888583914707e-09,2.682605039069398e-07,-78.51113821119311,-77.13585980350895
277,40112,2.5087,0.212001778,0.0288150720891725,1.208349889,0.20463635289531149,-0.6804340140615293,0.2599201847188242,0.010065722706263587,-25.040286655006284,-26.21197291770398,0.2765339444362056,0.006374043091352183,-1.9159711441893537e-05,1.6210075622054096e-08,0.014326351557250972,-11.086077586552056,-9.867201761683855
278,40114,5.0,2.14e-05,-2.39577096356777e-22,0.000138861,2.5875990394374113e-08,1.9999924171732322,6017.8904290141745,5.700422461430453e-09,-96.96081730623017,-98.13250356892787,0.00016704596951496147,-4.1036724363544805e-05,2.74227376903965e-06,-3.882611025890321e-08,5.122922177723207e-10,-96.81843380943063,-95.59955798456242
279,40115,5.0,0.0453,0.0133,0.1985,0.0004180922560497499,1.9999999999687441,5.751599166600987,0.002146121456880492,-41.61511505240643,-42.23983664472227,0.03672037781662666,0.007768155665688352,-0.00012285763287513775,5.666127678782923e-07,0.005581992901789157,-18.852550909875248,-17.477272502191084
280,40116,5.0,0.1017,0.03132,0.4336,0.001400107557832563,1.7945758387525688,2.55624839464256,0.004727672172528014,-36.87649084777273,-37.501212440088565,0.07932044671286244,0.01645844533779202,-0.00022528224665369165,8.937261740571303e-07,0.013740564049575786,-13.447712065237013,-12.072433657552848
281,40117,5.0,0.1269,0.00689791304347826,0.6659,0.048815034546525554,-0.14733351485037183,1.2050780162029746,0.014096522738076506,-30.321519573367183,-30.94624116568302,0.13864779794448587,0.009755141208103764,-3.158637927061283e-05,-1.3839843290641448e-07,0.012690784773438667,-13.924569360648846,-12.54929095296468
282,40118,5.0,0.0531,0.00129721739130435,0.1775,0.03408705180801798,-0.3495675145398218,4.591131427925111,0.0015881687541298036,-43.421598736125745,-44.04632032844158,0.06839287063318862,0.0018013622754907968,-2.2445097631614523e-06,-5.083013811991318e-08,0.0016833809883230776,-26.04500050612505,-24.669722098440886
283,40119,5.0,0.1427,0.0105442857142857,0.4616,0.03807899756782316,-0.13166870153156474,1.7151100733353013,0.00315204085590357,-39.30878768640134,-39.933509278717175,0.09151876287930506,0.009836558105557076,-8.471539131578215e-05,2.3333554806172604e-07,0.002474028141176354,-23.73474019876268,-22.359461791078516
284,40120,5.0,0.1638,0.00991857142857143,0.6324,-0.0017056342250872554,-1.0017121096450186,592.6060517384822,0.019509022946918815,-28.371826046601377,-28.996547638917214,0.13774478513277277,0.00673731655895154,2.183122825746421e-05,-3.734392530929703e-07,0.0017250338252752808,-25.89834613592724,-24.523067728243078
285,40121,0.5,0.001246194,0.00122814742857143,0.027131556,0.002585075998072395,-0.4452320303021835,-45.90081047844738,2.5857795452135394e-05,-68.12794744091957,-68.7526690332354,-0.0023316004152202866,0.005263900628735914,-0.0006719233832908413,2.8618542814844745e-05,1.1882573333328457e-05,-55.76592035853377,-54.390641950849606
286,40122,10.0,9.43e-06,7.07477876106195e-08,8.329999999999999e-05,2.1376260954776108e-07,1.3422852726910213,22306.755305642502,9.792685683233752e-09,-649.2848241135052,-645.0812319685188,1.8187821428571376e-05,1.3527261904762484e-07,5.012580357142838e-08,-7.916994047619026e-10,8.425871573214283e-09,-520.6583769145452,-480.826047609667
287,40123,5.0,0.002665667,0.0008737332000000001,0.010322,2.7341597979641564e-05,1.9999999997240372,100.1989310448588,9.174948294679885e-07,-88.16027017031311,-88.78499176262895,0.0027080004956109302,0.0003617831957024283,-4.185924266072244e-06,1.2741394834408156e-08,1.0526039779748022e-05,-56.4932447680146,-55.117966360330435
288,40124,5.0,0.0014596670000000002,8.99523857142856e-05,0.007809999999999999,0.0005294856530761473,-0.08117602983205807,108.80572391227733,3.0281862576546443e-06,-80.99583709040351,-81.62055868271935,0.0013900643075493006,0.00015434153597276924,-1.1914479476759582e-06,2.90114270855136e-09,2.737171373191468e-06,-64.57480751501551,-63.199529107331344
289,40125,5.0,1.25e-07,1.6521352840332199e-09,2.98e-05,5.976466242890455e-07,0.002672098711308024,76996.03119574007,1.0406336797021652e-09,-492.28712723292324,-489.153559919753,4.241343733665867e-06,4.061998291042461e-08,2.3073872688795776e-10,-5.99546534632033e-13,7.954878948331e-10,-408.3329279893375,-387.5315241103159
290,40126,5.0,6.59e-06,-7.090401306178572e-09,7.46e-05,1.2335965726978532e-11,1.9999992087270293,23087.143763798773,4.461849265231505e-09,-461.7167241834062,-458.58315687023594,1.0272734061478502e-05,-3.5776473724310976e-07,3.3266069400198374e-09,-5.139727729762364e-12,1.985715789202475e-09,-389.12256696056943,-368.3211630815478
291,40127,5.0,1.1800000000000001e-07,1.1062945481907099e-08,6.95e-05,1.0334601798439033e-05,-0.767315348823197,-2.459805809602955,3.085040203248609e-09,-351.9086379210649,-349.5908717543455,1.4944143886769822e-05,2.8410461117018407e-07,-1.2773342417076811e-09,1.670193523035147e-12,3.1223662080137794e-09,-286.3101820542561,-274.26652866513894
292,40128,50.0,0.1254,0.00019728695652173898,0.4758,0.03718137230901477,-0.6597786806853367,-0.07692855238523844,0.012913093827639858,-38.06796524242941,-38.23023479526347,0.12748568861345103,0.0005117959717845278,-2.951124841920717e-07,6.745398661832507e-11,0.012539339214992453,-16.40842265393663,-14.624782057715375
293,40129,250.0,0.2868,0.000580050547598989,2.0191,0.00023062108738253792,0.22343545542027687,0.3239355515267854,0.0734775836955279,-31.521731557555945,-31.28340693251644,0.05524775638941472,0.0007662681400996481,-2.9990480875165684e-08,-1.0157210318176674e-11,0.06607167654331364,-5.668636746196107,-3.2714290377969277
294,40130,3.8187,0.191,0.0294389804898428,1.6230000000000002,0.05154993961363927,0.06743302608232149,0.5373348933072505,3.912244374307352e-05,-52.79126079656408,-53.96294705926178,0.08167087571300422,0.03558235688362664,-0.00029983456920476694,8.442082480803311e-07,0.007469922142581427,-14.342157742981726,-13.123281918113525
